% start	end	CellId	IMSI	RNTI	LCID	nTxPDUs	TxBytes	nRxPDUs	RxBytes	delay	stdDev	min	max	PduSize	stdDev	min	max
1	2	1	1	2	3	914	1380880	914	1380880	0.00665002	0.00281717	0.00301939	0.0164656	1510.81	68.1651	54	1514	
1	2	1	2	1	3	1331	867084	1331	867084	0.00464794	0.0017885	0.00300125	0.0127904	651.453	623.832	50	1558	
2	3	1	1	2	3	242	366388	242	366388	0.00392418	0.000802242	0.00301952	0.00665876	1514	0	1514	1514	
2	3	1	2	1	3	1299	751639	1299	751639	0.003747	0.000853659	0.00300684	0.00804326	578.629	679.618	97	1596	
3	4	1	1	2	3	97	146858	97	146858	0.00343089	0.000485233	0.00301952	0.00493827	1514	0	1514	1514	
3	4	1	2	1	3	1251	759056	1251	759056	0.00357575	0.000835092	0.00300445	0.00797715	606.759	683.724	133	1596	
4	5	1	1	2	3	195	295230	195	295230	0.00367284	0.000575007	0.00301857	0.00497108	1514	0	1514	1514	
4	5	1	2	1	3	835	620568	835	620568	0.00357635	0.000621017	0.00300741	0.00701849	743.195	720.455	133	1596	
5	6	1	1	2	3	136	205904	136	205904	0.00342129	0.000467033	0.00301952	0.0039953	1514	0	1514	1514	
5	6	1	2	1	3	718	596318	718	596318	0.00379443	0.000730153	0.00300307	0.00706779	830.526	729.769	133	1596	
6	7	1	1	2	3	196	296744	196	296744	0.00370261	0.000604859	0.00301939	0.0049698	1514	0	1514	1514	
6	7	1	2	1	3	1089	798091	1083	792919	0.00376474	0.000856958	0.00300972	0.00804046	732.151	717.709	133	1596	
7	8	1	1	2	3	215	325510	215	325510	0.00384539	0.000683753	0.00301952	0.0049698	1514	0	1514	1514	
7	8	1	2	1	3	781	501467	780	501341	0.00355111	0.000848112	0.003004	0.00706713	642.745	695.061	133	1596	
8	9	1	1	2	3	139	210446	139	210446	0.00351288	0.000552449	0.00301537	0.00497108	1514	0	1514	1514	
8	9	1	2	1	3	1307	904717	1301	902447	0.00355795	0.00072824	0.00300617	0.00794244	693.656	709.88	133	1596	
9	10	1	1	2	3	108	163512	108	163512	0.00334237	0.0004432	0.00301952	0.00399466	1514	0	1514	1514	
9	10	1	2	1	3	1088	958264	1101	965832	0.00387992	0.000811443	0.00300274	0.00899722	877.232	730.554	133	1612	
10	11	1	1	2	3	115	174110	115	174110	0.00331543	0.000432357	0.00301857	0.00399498	1514	0	1514	1514	
10	11	1	2	1	3	998	648664	995	648109	0.00362507	0.000728995	0.00300091	0.00706561	651.366	690.445	149	1646	
11	12	1	1	2	3	183	277062	183	277062	0.0036358	0.00052775	0.00301952	0.0049698	1514	0	1514	1514	
11	12	1	2	1	3	871	600038	873	598915	0.00350212	0.00059807	0.00300668	0.00704035	686.042	686.732	185	1680	
12	13	1	1	2	3	326	493564	326	493564	0.00414557	0.000869733	0.00301484	0.00684549	1514	0	1514	1514	
12	13	1	2	1	3	646	575325	646	575325	0.00369353	0.000841962	0.00300187	0.00706483	890.596	728.396	217	1680	
13	14	1	1	2	3	166	251324	166	251324	0.00363171	0.000531361	0.00301939	0.0049698	1514	0	1514	1514	
13	14	1	2	1	3	690	663705	691	665383	0.00374679	0.000713616	0.0030051	0.00706572	962.928	730.35	217	1680	
14	15	1	1	2	3	169	255866	169	255866	0.00363432	0.000551501	0.00301939	0.0049698	1514	0	1514	1514	
14	15	1	2	1	3	1125	852009	1124	850331	0.00374588	0.000886982	0.00300284	0.00797323	756.522	704.132	217	1680	
15	16	1	1	2	3	228	345192	228	345192	0.00369661	0.000528763	0.00301952	0.00576922	1514	0	1514	1514	
15	16	1	2	1	3	1161	832975	1158	833785	0.00384088	0.000835573	0.00300221	0.0110648	720.022	692.736	217	1680	
16	17	1	1	2	3	172	260408	172	260408	0.00368642	0.000586779	0.00301952	0.0049698	1514	0	1514	1514	
16	17	1	2	1	3	1134	978749	1138	979617	0.00370697	0.000731076	0.00300372	0.00706638	860.823	724.985	217	1680	
17	18	1	1	2	3	123	186222	123	186222	0.00342886	0.00049996	0.00301952	0.0049698	1514	0	1514	1514	
17	18	1	2	1	3	513	485116	512	483438	0.0035576	0.000642308	0.00300852	0.00706638	944.215	730.701	217	1680	
18	19	1	1	2	3	140	211960	140	211960	0.00350226	0.000537521	0.00301952	0.0049698	1514	0	1514	1514	
18	19	1	2	1	3	636	532008	637	533686	0.00342109	0.000606381	0.00300513	0.00702367	837.812	721.956	217	1680	
19	20	1	1	2	3	162	245268	162	245268	0.00354659	0.000510241	0.00301877	0.0049698	1514	0	1514	1514	
19	20	1	2	1	3	825	594076	799	575326	0.00353532	0.000732314	0.00300765	0.00799973	720.058	692.892	217	1680	
20	21	1	1	2	3	102	154428	102	154428	0.00338285	0.000456076	0.00301939	0.00399498	1514	0	1514	1514	
20	21	1	2	1	3	1554	1109412	1578	1126268	0.00357731	0.000693097	0.00300983	0.00703365	713.731	690.839	217	1680	
21	22	1	1	2	3	207	313398	207	313398	0.00375814	0.000659407	0.00301952	0.0049698	1514	0	1514	1514	
21	22	1	2	1	3	1098	1022271	1099	1023948	0.00379763	0.000972727	0.00300578	0.00986729	931.709	730.131	217	1680	
22	23	1	1	2	3	330	499620	330	499620	0.00416756	0.000850919	0.00301857	0.00684549	1514	0	1514	1514	
22	23	1	2	1	3	769	674965	766	672855	0.00361251	0.000616293	0.00300272	0.00706135	878.401	727.236	217	1680	
23	24	1	1	2	3	225	340650	225	340650	0.0038021	0.000619939	0.00301939	0.0049698	1514	0	1514	1514	
23	24	1	2	1	3	985	664807	985	663345	0.00370472	0.0009317	0.00300526	0.00706638	673.447	677.036	217	1680	
24	25	1	1	2	3	64	96896	64	96896	0.00311667	0.000257849	0.00301952	0.00399551	1514	0	1514	1514	
24	25	1	2	1	3	903	663143	906	665252	0.00349006	0.00065212	0.00300436	0.00706572	734.274	698.639	217	1680	
25	26	1	1	2	3	192	290688	192	290688	0.00364743	0.000523123	0.00301952	0.0049698	1514	0	1514	1514	
25	26	1	2	1	3	526	499675	526	499677	0.0036458	0.00099291	0.00300525	0.00878427	949.956	730.745	217	1680	
26	27	1	1	2	3	108	163512	108	163512	0.00362773	0.000770146	0.00301952	0.0058824	1514	0	1514	1514	
26	27	1	2	1	3	532	509735	533	511413	0.00351725	0.00075164	0.00301635	0.00701884	959.499	730.639	217	1680	
27	28	1	1	2	3	178	269492	178	269492	0.00358836	0.000499448	0.00301952	0.00495897	1514	0	1514	1514	
27	28	1	2	1	3	901	637854	901	637854	0.00339636	0.000532323	0.00300748	0.00806338	707.94	690.07	217	1680	
28	29	1	1	2	3	125	189250	125	189250	0.00347312	0.000558659	0.00301939	0.0049698	1514	0	1514	1514	
28	29	1	2	1	3	1120	774408	1118	773974	0.00359006	0.000655823	0.00300353	0.00703889	692.284	684.306	217	1680	
29	30	1	1	2	3	158	239212	158	239212	0.00355242	0.000474067	0.00301952	0.0039953	1514	0	1514	1514	
29	30	1	2	1	3	929	677513	930	677727	0.00357123	0.000669905	0.00300273	0.00606507	728.739	696.9	217	1680	
30	31	1	1	2	3	212	320968	212	320968	0.00368765	0.000559818	0.00301952	0.00590764	1514	0	1514	1514	
30	31	1	2	1	3	448	406775	449	406995	0.00350567	0.000574925	0.00300028	0.00606572	906.448	729.686	217	1680	
31	32	1	1	2	3	404	611656	400	605600	0.00422041	0.00121978	0.00301541	0.00994494	1514	0	1514	1514	
31	32	1	2	1	3	596	551299	596	551299	0.00359188	0.000607587	0.00300478	0.00706342	924.998	730.243	217	1680	
32	33	1	1	2	3	337	510218	341	516274	0.00419291	0.000803446	0.00301747	0.00590764	1514	0	1514	1514	
32	33	1	2	1	3	1125	884166	1125	884166	0.00369891	0.000725462	0.0030068	0.00695674	785.925	711.721	217	1998	
33	34	1	1	2	3	83	125662	83	125662	0.0033048	0.000451479	0.00301952	0.00495547	1514	0	1514	1514	
33	34	1	2	1	3	588	434926	588	434926	0.00341201	0.000555237	0.00301029	0.00701019	739.67	699.17	217	1680	
34	35	1	1	2	3	130	196820	130	196820	0.00347347	0.000489472	0.00301952	0.0049698	1514	0	1514	1514	
34	35	1	2	1	3	651	468801	631	455725	0.00343167	0.000501006	0.00301285	0.00702061	722.227	693.815	217	1998	
35	36	1	1	2	3	164	248296	164	248296	0.00357881	0.000527428	0.00301322	0.0049698	1514	0	1514	1514	
35	36	1	2	1	3	716	517993	736	531069	0.00342294	0.00062103	0.00301285	0.00706572	721.561	693.405	217	1680	
36	37	1	1	2	3	160	242240	160	242240	0.00353783	0.000519924	0.00301952	0.0049698	1514	0	1514	1514	
36	37	1	2	1	3	733	527985	733	527985	0.00341586	0.000551746	0.00301303	0.00706342	720.307	693.672	217	1680	
37	38	1	1	2	3	105	158970	105	158970	0.00340237	0.000462622	0.00301952	0.00399968	1514	0	1514	1514	
37	38	1	2	1	3	1454	1236412	1453	1236192	0.00397109	0.00101892	0.00300487	0.00981792	850.786	723.609	217	1680	
38	39	1	1	2	3	197	298258	197	298258	0.00379811	0.000666895	0.00301747	0.00586531	1514	0	1514	1514	
38	39	1	2	1	3	1492	1068262	1493	1068482	0.00386328	0.00118438	0.00300325	0.00898722	715.661	691.493	217	1680	
39	40	1	1	2	3	337	510218	337	510218	0.0041804	0.000839779	0.00301747	0.00681521	1514	0	1514	1514	
39	40	1	2	1	3	665	608629	665	608629	0.00376359	0.000907743	0.00300285	0.00800612	915.232	729.852	217	1680	
40	41	1	1	2	3	214	323996	214	323996	0.00363435	0.000471925	0.00301952	0.0049698	1514	0	1514	1514	
40	41	1	2	1	3	48	43860	48	43860	0.00368141	0.00042214	0.0030613	0.00399827	913.75	740.04	82	1678	
