% start	end	CellId	IMSI	RNTI	LCID	nTxPDUs	TxBytes	nRxPDUs	RxBytes	delay	stdDev	min	max	PduSize	stdDev	min	max
1	2	1	1	2	3	71	35948	71	35948	0.00471429	0	0.00471429	0.00471429	506.31	888.08	2	4285	
1	2	1	2	1	3	161	125846	161	125846	0.00556167	0.0075799	0.00471429	0.0739286	781.652	1295.21	2	6292	
2	3	1	1	2	3	42	9380	42	9380	0.00471429	0	0.00471429	0.00471429	223.333	425.5	2	2471	
2	3	1	2	1	3	196	201645	192	193335	0.00562798	0.00858368	0.00471429	0.0889286	1006.95	1483.61	2	7708	
3	4	1	1	2	3	41	3110	41	3110	0.00471429	0	0.00471429	0.00471429	75.8537	93.9746	2	384	
3	4	1	2	1	3	274	201738	278	210048	0.00471429	0	0.00471429	0.00471429	755.568	1094.13	2	7283	
4	5	1	1	2	3	40	6049	40	6049	0.00471429	0	0.00471429	0.00471429	151.225	173.483	2	693	
4	5	1	2	1	3	152	146069	152	146069	0.00539991	0.00845289	0.00471429	0.108929	960.98	1487.28	2	6608	
5	6	1	1	2	3	41	4072	41	4072	0.00505575	0.00152659	0.00471429	0.0117143	99.3171	116.463	2	439	
5	6	1	2	1	3	134	112319	134	112319	0.00471429	0	0.00471429	0.00471429	838.201	1428.44	2	5857	
6	7	1	1	2	3	42	6332	42	6332	0.00471429	0	0.00471429	0.00471429	150.762	179.705	2	828	
6	7	1	2	1	3	250	206841	250	206841	0.00471429	0	0.00471429	0.00471429	827.364	1536.83	2	7973	
7	8	1	1	2	3	42	6840	40	6613	0.00539464	0.00430296	0.00471429	0.0319286	165.325	198.776	2	884	
7	8	1	2	1	3	191	151033	188	148559	0.00471429	0	0.00471429	0.00471429	790.207	1335.92	2	9417	
8	9	1	1	2	3	40	4355	42	4582	0.00471429	0	0.00471429	0.00471429	109.095	126.026	2	503	
8	9	1	2	1	3	289	246851	292	249325	0.00496233	0.00248361	0.00471429	0.0359286	853.853	1292.27	2	9422	
9	10	1	1	2	3	40	3871	40	3871	0.00506428	0.00154505	0.00471429	0.0117143	96.775	134.309	2	574	
9	10	1	2	1	3	177	170164	176	170026	0.00486891	0.00160963	0.00471429	0.0249286	966.057	1553.26	2	7708	
10	11	1	1	2	3	42	3686	42	3686	0.00471429	0	0.00471429	0.00471429	87.7619	104.649	2	447	
10	11	1	2	1	3	177	198871	177	194757	0.00483293	0.00090613	0.00471429	0.0117143	1100.32	1607.59	2	9422	
11	12	1	1	2	3	42	5318	42	5318	0.00536224	0.00419926	0.00471429	0.0319286	126.619	133.413	2	391	
11	12	1	2	1	3	193	179657	192	183774	0.00514881	0.00425399	0.00471429	0.0489286	957.156	1486.57	2	7708	
12	13	1	1	2	3	40	9991	40	9991	0.00471429	0	0.00471429	0.00471429	249.775	290.154	2	1265	
12	13	1	2	1	3	166	101140	168	101275	0.00471429	0	0.00471429	0.00471429	602.827	938.988	2	5861	
13	14	1	1	2	3	40	5288	40	5288	0.00471429	0	0.00471429	0.00471429	132.2	162.979	2	789	
13	14	1	2	1	3	144	102801	144	102801	0.00514782	0.00330141	0.00471429	0.0329286	713.896	1083.36	2	5540	
14	15	1	1	2	3	40	5312	40	5312	0.00471429	0	0.00471429	0.00471429	132.8	164.096	2	765	
14	15	1	2	1	3	194	215743	193	211420	0.00471429	0	0.00471429	0.00471429	1095.44	1338.96	2	5857	
15	16	1	1	2	3	44	7191	44	7191	0.0059513	0.00573424	0.00471429	0.0319286	163.432	194.851	2	812	
15	16	1	2	1	3	192	252974	193	257297	0.00578719	0.00649012	0.00471429	0.0509286	1333.15	1972.74	2	9038	
16	17	1	1	2	3	42	5677	42	5677	0.00536224	0.00419926	0.00471429	0.0319286	135.167	171.837	2	614	
16	17	1	2	1	3	201	184738	201	184738	0.00471429	0	0.00471429	0.00471429	919.095	1343	2	7704	
17	18	1	1	2	3	42	3596	42	3596	0.00471429	0	0.00471429	0.00471429	85.619	98.5752	2	280	
17	18	1	2	1	3	131	87745	131	87745	0.00471429	0	0.00471429	0.00471429	669.809	1019.99	2	4311	
18	19	1	1	2	3	41	4411	41	4411	0.00471429	0	0.00471429	0.00471429	107.585	134.936	2	638	
18	19	1	2	1	3	153	122479	153	122479	0.00480579	0.00079769	0.00471429	0.0117143	800.516	1190.62	2	5474	
19	20	1	1	2	3	40	5090	40	5090	0.00471429	0	0.00471429	0.00471429	127.25	148.025	2	566	
19	20	1	2	1	3	178	214979	178	214979	0.00536958	0.00501941	0.00471429	0.0439286	1207.75	1571.8	2	7146	
20	21	1	1	2	3	41	3707	41	3707	0.00505575	0.00152659	0.00471429	0.0117143	90.4146	148.355	2	765	
20	21	1	2	1	3	330	483943	330	483943	0.00471429	0	0.00471429	0.00471429	1466.49	1727.26	2	9422	
21	22	1	1	2	3	42	5816	40	5423	0.00471429	0	0.00471429	0.00471429	135.575	144.654	2	391	
21	22	1	2	1	3	220	248336	219	248334	0.00500848	0.00308486	0.00471429	0.0399286	1133.95	1676.05	2	9418	
22	23	1	1	2	3	43	10269	45	10662	0.00534127	0.00420594	0.00471429	0.0329286	236.933	282.964	2	1336	
22	23	1	2	1	3	161	184752	162	184754	0.00471429	0	0.00471429	0.00471429	1140.46	1570.77	2	7708	
23	24	1	1	2	3	40	7360	40	7360	0.00471429	0	0.00471429	0.00471429	184	213.99	2	876	
23	24	1	2	1	3	258	334043	256	330966	0.00471429	0	0.00471429	0.00471429	1292.84	1619.9	2	6878	
24	25	1	1	2	3	42	2145	40	1974	0.00471429	0	0.00471429	0.00471429	49.35	60.031	2	257	
24	25	1	2	1	3	223	240654	225	243731	0.00485302	0.00208095	0.00471429	0.0359286	1083.25	1283.62	2	7704	
25	26	1	1	2	3	40	5423	42	5594	0.00471429	0	0.00471429	0.00471429	133.19	142.691	2	391	
25	26	1	2	1	3	196	102729	195	101982	0.00482198	0.000863756	0.00471429	0.0117143	522.985	1086.71	2	7704	
26	27	1	1	2	3	41	3959	41	3959	0.00471429	0	0.00471429	0.00471429	96.561	166.592	2	820	
26	27	1	2	1	3	175	112953	176	113700	0.00492573	0.00280513	0.00471429	0.0419286	646.023	1094.91	2	7497	
27	28	1	1	2	3	41	5600	41	5600	0.00471429	0	0.00471429	0.00471429	136.585	160.315	2	566	
27	28	1	2	1	3	266	274446	266	274446	0.00523093	0.00537106	0.00471429	0.0669286	1031.75	1438.86	2	6882	
28	29	1	1	2	3	39	3788	39	3788	0.00507326	0.00156419	0.00471429	0.0117143	97.1282	121.799	2	574	
28	29	1	2	1	3	241	329594	241	329594	0.00474333	0.00045091	0.00471429	0.0117143	1367.61	1624.73	2	9422	
29	30	1	1	2	3	41	5149	41	5149	0.00505575	0.00152659	0.00471429	0.0117143	125.585	154.313	2	701	
29	30	1	2	1	3	176	276775	175	276423	0.00471429	0	0.00471429	0.00471429	1579.56	1950.64	2	8511	
30	31	1	1	2	3	40	5977	40	5977	0.00471429	0	0.00471429	0.00471429	149.425	158.08	2	391	
30	31	1	2	1	3	140	92629	141	92981	0.00604103	0.0065048	0.00471429	0.0429286	659.44	1168.31	2	5836	
31	32	1	1	2	3	51	10831	51	10831	0.00526751	0.00395079	0.00471429	0.0329286	212.373	225.697	2	613	
31	32	1	2	1	3	162	146572	162	146572	0.00513668	0.00310312	0.00471429	0.0319286	904.765	1398.35	2	7971	
32	33	1	1	2	3	44	12125	44	12125	0.00535552	0.00425346	0.00471429	0.0329286	275.568	336.849	2	1455	
32	33	1	2	1	3	235	314596	235	314596	0.00474407	0.00045663	0.00471429	0.0117143	1338.71	1876.65	2	9422	
33	34	1	1	2	3	40	3006	40	3006	0.00506428	0.00154505	0.00471429	0.0117143	75.15	109.406	2	511	
33	34	1	2	1	3	163	156751	159	153835	0.00484636	0.000955419	0.00471429	0.0117143	967.516	1597.14	2	9418	
34	35	1	1	2	3	39	3700	39	3700	0.00471429	0	0.00471429	0.00471429	94.8718	105.577	2	280	
34	35	1	2	1	3	131	173467	135	176383	0.00471429	0	0.00471429	0.00471429	1306.54	1776.45	2	9418	
35	36	1	1	2	3	38	4864	38	4864	0.00471429	0	0.00471429	0.00471429	128	160.05	2	765	
35	36	1	2	1	3	222	202216	219	197534	0.00474625	0.000473016	0.00471429	0.0117143	901.982	1252.3	2	6882	
36	37	1	1	2	3	42	5804	42	5804	0.00471429	0	0.00471429	0.00471429	138.19	171.042	2	622	
36	37	1	2	1	3	206	201664	209	206346	0.00471429	0	0.00471429	0.00471429	987.301	1483.47	2	7286	
37	38	1	1	2	3	40	3340	40	3340	0.00471429	0	0.00471429	0.00471429	83.5	106.682	2	511	
37	38	1	2	1	3	230	424860	228	424594	0.00514599	0.00459918	0.00471429	0.0539286	1862.25	1882.98	2	7708	
38	39	1	1	2	3	42	5594	42	5594	0.00471429	0	0.00471429	0.00471429	133.19	142.691	2	391	
38	39	1	2	1	3	375	414821	377	415087	0.00475142	0.000509171	0.00471429	0.0117143	1101.03	1454.92	2	9421	
39	40	1	1	2	3	42	10397	42	10397	0.00536224	0.00419926	0.00471429	0.0319286	247.548	267.092	2	867	
39	40	1	2	1	3	171	155287	171	155287	0.00471429	0	0.00471429	0.00471429	908.111	1611.15	2	9422	
40	41	1	1	2	3	40	7019	40	7019	0.00471429	0	0.00471429	0.00471429	175.475	198.331	2	749	
40	41	1	2	1	3	9	13337	9	13337	0.00471429	0	0.00471429	0.00471429	1481.89	1614.66	2	3182	
