% time	cellId	IMSI	RNTI	sinrLinear	componentCarrierId
0.041	1	2	1	777.809	0
0.042	1	1	2	858.753	0
0.081	1	2	1	452.372	0
0.082	1	1	2	930.021	0
0.121	1	2	1	1380.09	0
0.122	1	1	2	1132.34	0
0.161	1	2	1	730.93	0
0.162	1	1	2	936.471	0
0.201	1	2	1	1443.91	0
0.202	1	1	2	632.263	0
0.241	1	2	1	1812.03	0
0.242	1	1	2	1148.89	0
0.281	1	2	1	1423.99	0
0.282	1	1	2	1941.72	0
0.321	1	2	1	1021.5	0
0.322	1	1	2	780.003	0
0.361	1	2	1	1445.85	0
0.362	1	1	2	1495.14	0
0.401	1	2	1	820.978	0
0.402	1	1	2	2367.15	0
0.441	1	2	1	567.408	0
0.442	1	1	2	1015.33	0
0.481	1	2	1	1214.24	0
0.482	1	1	2	474.863	0
0.521	1	2	1	2186.85	0
0.522	1	1	2	764.538	0
0.561	1	2	1	899.007	0
0.562	1	1	2	782.998	0
0.601	1	2	1	441.68	0
0.602	1	1	2	1051.97	0
0.641	1	2	1	1305.73	0
0.642	1	1	2	1995.87	0
0.681	1	2	1	1423.19	0
0.682	1	1	2	559.966	0
0.721	1	2	1	2008.23	0
0.722	1	1	2	883.787	0
0.761	1	2	1	526.01	0
0.762	1	1	2	1051.8	0
0.801	1	2	1	1121.07	0
0.802	1	1	2	1043.88	0
0.841	1	2	1	1319.14	0
0.842	1	1	2	571.851	0
0.881	1	2	1	2967.68	0
0.882	1	1	2	712.537	0
0.921	1	2	1	1362.8	0
0.922	1	1	2	665.044	0
0.961	1	2	1	689.685	0
0.962	1	1	2	629.26	0
1.001	1	2	1	739.044	0
1.002	1	1	2	833.367	0
1.041	1	2	1	497.144	0
1.042	1	1	2	742.108	0
1.081	1	2	1	2072.47	0
1.082	1	1	2	970.812	0
1.121	1	2	1	871.836	0
1.122	1	1	2	818.242	0
1.161	1	2	1	751.248	0
1.162	1	1	2	1343.82	0
1.201	1	2	1	758.323	0
1.202	1	1	2	2298.98	0
1.241	1	2	1	961.848	0
1.242	1	1	2	762.156	0
1.281	1	2	1	725.588	0
1.282	1	1	2	1653.66	0
1.321	1	2	1	1929.07	0
1.322	1	1	2	1321.5	0
1.361	1	2	1	2941.88	0
1.362	1	1	2	1788.13	0
1.401	1	2	1	987.631	0
1.402	1	1	2	660.746	0
1.441	1	2	1	1160.33	0
1.442	1	1	2	423.733	0
1.481	1	2	1	1601.44	0
1.482	1	1	2	750.68	0
1.521	1	2	1	598.273	0
1.522	1	1	2	856.091	0
1.561	1	2	1	680.094	0
1.562	1	1	2	1103.21	0
1.601	1	2	1	804.11	0
1.602	1	1	2	654.751	0
1.641	1	2	1	1240.51	0
1.642	1	1	2	1280.86	0
1.681	1	2	1	1114.71	0
1.682	1	1	2	2035.37	0
1.721	1	2	1	861.178	0
1.722	1	1	2	964.895	0
1.761	1	2	1	949.021	0
1.762	1	1	2	1538.86	0
1.801	1	2	1	831.042	0
1.802	1	1	2	1904.32	0
1.841	1	2	1	1159.74	0
1.842	1	1	2	798.558	0
1.881	1	2	1	732.028	0
1.882	1	1	2	460.361	0
1.921	1	2	1	957.138	0
1.922	1	1	2	1393.07	0
1.961	1	2	1	1626.29	0
1.962	1	1	2	1138.39	0
2.001	1	2	1	2952.37	0
2.002	1	1	2	1635.14	0
2.041	1	2	1	1743.5	0
2.042	1	1	2	821.832	0
2.081	1	2	1	1369.12	0
2.082	1	1	2	430.431	0
2.121	1	2	1	1219.47	0
2.122	1	1	2	911.669	0
2.161	1	2	1	945.458	0
2.162	1	1	2	1301.22	0
2.201	1	2	1	2132.42	0
2.202	1	1	2	862.105	0
2.241	1	2	1	1420.48	0
2.242	1	1	2	1240.47	0
2.281	1	2	1	1367.67	0
2.282	1	1	2	1336.91	0
2.321	1	2	1	2076.62	0
2.322	1	1	2	557.236	0
2.361	1	2	1	438.919	0
2.362	1	1	2	1183.41	0
2.401	1	2	1	1000.68	0
2.402	1	1	2	329.518	0
2.441	1	2	1	966.239	0
2.442	1	1	2	881.193	0
2.481	1	2	1	967.935	0
2.482	1	1	2	932.469	0
2.521	1	2	1	1613.21	0
2.522	1	1	2	1571.25	0
2.561	1	2	1	1547.8	0
2.562	1	1	2	1148.82	0
2.601	1	2	1	941.197	0
2.602	1	1	2	1936	0
2.641	1	2	1	684.375	0
2.642	1	1	2	526.294	0
2.681	1	2	1	2327.62	0
2.682	1	1	2	1575.78	0
2.721	1	2	1	1147.22	0
2.722	1	1	2	1150.29	0
2.761	1	2	1	1188.41	0
2.762	1	1	2	630.362	0
2.801	1	2	1	370.929	0
2.802	1	1	2	950.789	0
2.841	1	2	1	2629.91	0
2.842	1	1	2	708.015	0
2.881	1	2	1	3001.76	0
2.882	1	1	2	2414.81	0
2.921	1	2	1	666.4	0
2.922	1	1	2	1580.61	0
2.961	1	2	1	1511.77	0
2.962	1	1	2	1979.98	0
3.001	1	2	1	603.894	0
3.002	1	1	2	464.955	0
3.041	1	2	1	556.428	0
3.042	1	1	2	772.073	0
3.081	1	2	1	667.632	0
3.082	1	1	2	1752.99	0
3.121	1	2	1	819.655	0
3.122	1	1	2	610.257	0
3.161	1	2	1	1527.61	0
3.162	1	1	2	502.268	0
3.201	1	2	1	1460.36	0
3.202	1	1	2	796.785	0
3.241	1	2	1	597.587	0
3.242	1	1	2	979.38	0
3.281	1	2	1	908.084	0
3.282	1	1	2	793.598	0
3.321	1	2	1	895.312	0
3.322	1	1	2	297.471	0
3.361	1	2	1	1141.54	0
3.362	1	1	2	1289.21	0
3.401	1	2	1	956.48	0
3.402	1	1	2	824.039	0
3.441	1	2	1	325.409	0
3.442	1	1	2	598.654	0
3.481	1	2	1	708.398	0
3.482	1	1	2	607.279	0
3.521	1	2	1	1669.12	0
3.522	1	1	2	486.326	0
3.561	1	2	1	630.153	0
3.562	1	1	2	1525.26	0
3.601	1	2	1	1278.6	0
3.602	1	1	2	1114.81	0
3.641	1	2	1	1923.99	0
3.642	1	1	2	657.389	0
3.681	1	2	1	1183.71	0
3.682	1	1	2	1027.2	0
3.721	1	2	1	1259.93	0
3.722	1	1	2	767.614	0
3.761	1	2	1	521.94	0
3.762	1	1	2	2321.61	0
3.801	1	2	1	2502.02	0
3.802	1	1	2	1614.02	0
3.841	1	2	1	391.866	0
3.842	1	1	2	2000.35	0
3.881	1	2	1	960.185	0
3.882	1	1	2	575.731	0
3.921	1	2	1	749.545	0
3.922	1	1	2	987.751	0
3.961	1	2	1	457.858	0
3.962	1	1	2	738.071	0
4.001	1	2	1	813.621	0
4.002	1	1	2	922.553	0
4.041	1	2	1	804.033	0
4.042	1	1	2	834.89	0
4.081	1	2	1	1528.41	0
4.082	1	1	2	461.974	0
4.121	1	2	1	987.703	0
4.122	1	1	2	696.146	0
4.161	1	2	1	856.185	0
4.162	1	1	2	2101.71	0
4.201	1	2	1	2298.36	0
4.202	1	1	2	1023.91	0
4.241	1	2	1	1415.8	0
4.242	1	1	2	928.287	0
4.281	1	2	1	464.811	0
4.282	1	1	2	1052.03	0
4.321	1	2	1	1046.29	0
4.322	1	1	2	1760.58	0
4.361	1	2	1	1134.67	0
4.362	1	1	2	708.108	0
4.401	1	2	1	2897.46	0
4.402	1	1	2	227.486	0
4.441	1	2	1	2174.68	0
4.442	1	1	2	589.616	0
4.481	1	2	1	1919.37	0
4.482	1	1	2	497.418	0
4.521	1	2	1	725.007	0
4.522	1	1	2	873.997	0
4.561	1	2	1	1110.47	0
4.562	1	1	2	925.658	0
4.601	1	2	1	452.441	0
4.602	1	1	2	1658.01	0
4.641	1	2	1	1007.62	0
4.642	1	1	2	780.376	0
4.681	1	2	1	2349.77	0
4.682	1	1	2	338.152	0
4.721	1	2	1	950.546	0
4.722	1	1	2	596.551	0
4.761	1	2	1	768.887	0
4.762	1	1	2	625.587	0
4.801	1	2	1	704.13	0
4.802	1	1	2	629.343	0
4.841	1	2	1	1276.18	0
4.842	1	1	2	969.512	0
4.881	1	2	1	1197.26	0
4.882	1	1	2	2046.6	0
4.921	1	2	1	963.721	0
4.922	1	1	2	832.894	0
4.961	1	2	1	1268.69	0
4.962	1	1	2	1545.62	0
5.001	1	2	1	1730.2	0
5.002	1	1	2	379.125	0
5.041	1	2	1	1289.35	0
5.042	1	1	2	1841.58	0
5.081	1	2	1	577.53	0
5.082	1	1	2	652.297	0
5.121	1	2	1	1891.7	0
5.122	1	1	2	1374.13	0
5.161	1	2	1	1321.97	0
5.162	1	1	2	1303.53	0
5.201	1	2	1	1420.26	0
5.202	1	1	2	1502.67	0
5.241	1	2	1	2436.12	0
5.242	1	1	2	1790.51	0
5.281	1	2	1	478.991	0
5.282	1	1	2	1188.4	0
5.321	1	2	1	1000.15	0
5.322	1	1	2	1654.92	0
5.361	1	2	1	1035.53	0
5.362	1	1	2	838.495	0
5.401	1	2	1	1119.54	0
5.402	1	1	2	444.96	0
5.441	1	2	1	700.004	0
5.442	1	1	2	1828.94	0
5.481	1	2	1	419.464	0
5.482	1	1	2	1458.22	0
5.521	1	2	1	1407.86	0
5.522	1	1	2	2208.1	0
5.561	1	2	1	494.955	0
5.562	1	1	2	881.344	0
5.601	1	2	1	1184.05	0
5.602	1	1	2	1476.65	0
5.641	1	2	1	281.904	0
5.642	1	1	2	655.614	0
5.681	1	2	1	829.72	0
5.682	1	1	2	2714.42	0
5.721	1	2	1	1247.8	0
5.722	1	1	2	581.636	0
5.761	1	2	1	2206.27	0
5.762	1	1	2	505.112	0
5.801	1	2	1	492.428	0
5.802	1	1	2	2561.07	0
5.841	1	2	1	1357.93	0
5.842	1	1	2	1022.61	0
5.881	1	2	1	2438.85	0
5.882	1	1	2	3439.06	0
5.921	1	2	1	1093.65	0
5.922	1	1	2	699.509	0
5.961	1	2	1	1176.8	0
5.962	1	1	2	163.804	0
6.001	1	2	1	514.438	0
6.002	1	1	2	521.646	0
6.041	1	2	1	674.789	0
6.042	1	1	2	943.05	0
6.081	1	2	1	730.153	0
6.082	1	1	2	397.198	0
6.121	1	2	1	635.632	0
6.122	1	1	2	898.424	0
6.161	1	2	1	1375.11	0
6.162	1	1	2	1542.32	0
6.201	1	2	1	3364.28	0
6.202	1	1	2	469.369	0
6.241	1	2	1	370.499	0
6.242	1	1	2	450.124	0
6.281	1	2	1	1083.75	0
6.282	1	1	2	735.506	0
6.321	1	2	1	916.669	0
6.322	1	1	2	992.219	0
6.361	1	2	1	1537.19	0
6.362	1	1	2	1237.61	0
6.401	1	2	1	1425.3	0
6.402	1	1	2	1396.2	0
6.441	1	2	1	1083.66	0
6.442	1	1	2	1367.88	0
6.481	1	2	1	766.5	0
6.482	1	1	2	1019.16	0
6.521	1	2	1	860.63	0
6.522	1	1	2	937.14	0
6.561	1	2	1	536.445	0
6.562	1	1	2	432.757	0
6.601	1	2	1	1024.45	0
6.602	1	1	2	1411.66	0
6.641	1	2	1	1360.6	0
6.642	1	1	2	2656.63	0
6.681	1	2	1	850.006	0
6.682	1	1	2	1397.57	0
6.721	1	2	1	1220.82	0
6.722	1	1	2	637.951	0
6.761	1	2	1	1389.11	0
6.762	1	1	2	1372.24	0
6.801	1	2	1	506.431	0
6.802	1	1	2	1458.08	0
6.841	1	2	1	1248	0
6.842	1	1	2	2809.44	0
6.881	1	2	1	320.03	0
6.882	1	1	2	1609.93	0
6.921	1	2	1	799.873	0
6.922	1	1	2	2628.9	0
6.961	1	2	1	970.034	0
6.962	1	1	2	387.864	0
7.001	1	2	1	1205.66	0
7.002	1	1	2	978.41	0
7.041	1	2	1	1232.94	0
7.042	1	1	2	1082.74	0
7.081	1	2	1	2458.35	0
7.082	1	1	2	962.067	0
7.121	1	2	1	894.893	0
7.122	1	1	2	630.199	0
7.161	1	2	1	937.232	0
7.162	1	1	2	1171.88	0
7.201	1	2	1	1524.67	0
7.202	1	1	2	1969.87	0
7.241	1	2	1	842.684	0
7.242	1	1	2	815.59	0
7.281	1	2	1	697.433	0
7.282	1	1	2	1521.5	0
7.321	1	2	1	2670.14	0
7.322	1	1	2	2302.54	0
7.361	1	2	1	1356.06	0
7.362	1	1	2	966.741	0
7.401	1	2	1	407.331	0
7.402	1	1	2	456.39	0
7.441	1	2	1	842.561	0
7.442	1	1	2	1255.65	0
7.481	1	2	1	1402.91	0
7.482	1	1	2	1579.57	0
7.521	1	2	1	639.657	0
7.522	1	1	2	894.27	0
7.561	1	2	1	489.637	0
7.562	1	1	2	1126.7	0
7.601	1	2	1	850.184	0
7.602	1	1	2	757.869	0
7.641	1	2	1	1569.96	0
7.642	1	1	2	1174.15	0
7.681	1	2	1	573.419	0
7.682	1	1	2	271.822	0
7.721	1	2	1	562.835	0
7.722	1	1	2	2114.74	0
7.761	1	2	1	859.059	0
7.762	1	1	2	675.837	0
7.801	1	2	1	904.446	0
7.802	1	1	2	1066.35	0
7.841	1	2	1	811.973	0
7.842	1	1	2	422.913	0
7.881	1	2	1	227.066	0
7.882	1	1	2	1293.69	0
7.921	1	2	1	1217.71	0
7.922	1	1	2	1104.77	0
7.961	1	2	1	980.732	0
7.962	1	1	2	780.067	0
8.001	1	2	1	1239.77	0
8.002	1	1	2	2995.38	0
8.041	1	2	1	904.704	0
8.042	1	1	2	690.457	0
8.081	1	2	1	1911.16	0
8.082	1	1	2	1477.53	0
8.121	1	2	1	1760.27	0
8.122	1	1	2	1047.33	0
8.161	1	2	1	1979.4	0
8.162	1	1	2	835.846	0
8.201	1	2	1	726.358	0
8.202	1	1	2	1014.32	0
8.241	1	2	1	695.234	0
8.242	1	1	2	589.686	0
8.281	1	2	1	787.221	0
8.282	1	1	2	820.08	0
8.321	1	2	1	1391.13	0
8.322	1	1	2	1419.09	0
8.361	1	2	1	2523.96	0
8.362	1	1	2	315.245	0
8.401	1	2	1	1391.82	0
8.402	1	1	2	1650.27	0
8.441	1	2	1	733.968	0
8.442	1	1	2	667.097	0
8.481	1	2	1	629.696	0
8.482	1	1	2	1328.8	0
8.521	1	2	1	1150.29	0
8.522	1	1	2	1027.2	0
8.561	1	2	1	630.362	0
8.562	1	1	2	767.614	0
8.601	1	2	1	950.789	0
8.602	1	1	2	2321.61	0
8.641	1	2	1	708.015	0
8.642	1	1	2	1614.02	0
8.681	1	2	1	2414.81	0
8.682	1	1	2	2000.35	0
8.721	1	2	1	1580.61	0
8.722	1	1	2	575.731	0
8.761	1	2	1	1979.98	0
8.762	1	1	2	987.751	0
8.801	1	2	1	533.95	0
8.802	1	1	2	738.071	0
8.841	1	2	1	1085.44	0
8.842	1	1	2	1079.85	0
8.881	1	2	1	771.174	0
8.882	1	1	2	2247.81	0
8.921	1	2	1	1001.04	0
8.922	1	1	2	1511.94	0
8.961	1	2	1	2081.13	0
8.962	1	1	2	1131.48	0
9.001	1	2	1	2171.95	0
9.002	1	1	2	752.881	0
9.041	1	2	1	523.867	0
9.042	1	1	2	523.341	0
9.081	1	2	1	856.095	0
9.082	1	1	2	1250.21	0
9.121	1	2	1	899.349	0
9.122	1	1	2	1404.71	0
9.161	1	2	1	581.953	0
9.162	1	1	2	896.228	0
9.201	1	2	1	657.167	0
9.202	1	1	2	1014.4	0
9.241	1	2	1	1008.88	0
9.242	1	1	2	616.193	0
9.281	1	2	1	1138.96	0
9.282	1	1	2	896.444	0
9.321	1	2	1	798.471	0
9.322	1	1	2	602.57	0
9.361	1	2	1	1173.72	0
9.362	1	1	2	826.177	0
9.401	1	2	1	967.851	0
9.402	1	1	2	1299.92	0
9.441	1	2	1	607.484	0
9.442	1	1	2	2323.27	0
9.481	1	2	1	934.237	0
9.482	1	1	2	605.679	0
9.521	1	2	1	372.096	0
9.522	1	1	2	1426.81	0
9.561	1	2	1	2098.49	0
9.562	1	1	2	751.874	0
9.601	1	2	1	2974.04	0
9.602	1	1	2	995.183	0
9.641	1	2	1	767.791	0
9.642	1	1	2	409.649	0
9.681	1	2	1	2197.75	0
9.682	1	1	2	1981.16	0
9.721	1	2	1	1310.61	0
9.722	1	1	2	633.938	0
9.761	1	2	1	474.551	0
9.762	1	1	2	877.661	0
9.801	1	2	1	1081.89	0
9.802	1	1	2	582.46	0
9.841	1	2	1	521.749	0
9.842	1	1	2	1720.87	0
9.881	1	2	1	907.837	0
9.882	1	1	2	921.713	0
9.921	1	2	1	582.14	0
9.922	1	1	2	798.803	0
9.961	1	2	1	1007.23	0
9.962	1	1	2	932.198	0
10.001	1	2	1	2409.7	0
10.002	1	1	2	1942.96	0
10.041	1	2	1	1497.84	0
10.042	1	1	2	1431.33	0
10.081	1	2	1	975.337	0
10.082	1	1	2	1203.1	0
10.121	1	2	1	777.448	0
10.122	1	1	2	1589.42	0
10.161	1	2	1	614.653	0
10.162	1	1	2	700.304	0
10.201	1	2	1	875.382	0
10.202	1	1	2	3514.59	0
10.241	1	2	1	1349.27	0
10.242	1	1	2	445.79	0
10.281	1	2	1	558.512	0
10.282	1	1	2	644.635	0
10.321	1	2	1	1155.41	0
10.322	1	1	2	2406.04	0
10.361	1	2	1	394.452	0
10.362	1	1	2	1361.38	0
10.401	1	2	1	286.666	0
10.402	1	1	2	2501.65	0
10.441	1	2	1	1260.12	0
10.442	1	1	2	625.651	0
10.481	1	2	1	610.461	0
10.482	1	1	2	286.716	0
10.521	1	2	1	1068.41	0
10.522	1	1	2	1019.73	0
10.561	1	2	1	1670.59	0
10.562	1	1	2	1532.08	0
10.601	1	2	1	2292.36	0
10.602	1	1	2	788.438	0
10.641	1	2	1	1003.92	0
10.642	1	1	2	611.612	0
10.681	1	2	1	348.41	0
10.682	1	1	2	2809.55	0
10.721	1	2	1	586.498	0
10.722	1	1	2	1349.48	0
10.761	1	2	1	963.258	0
10.762	1	1	2	415.52	0
10.801	1	2	1	854.613	0
10.802	1	1	2	735.613	0
10.841	1	2	1	1277.81	0
10.842	1	1	2	1538.96	0
10.881	1	2	1	1042.78	0
10.882	1	1	2	2916.93	0
10.921	1	2	1	788.849	0
10.922	1	1	2	1542.48	0
10.961	1	2	1	854.838	0
10.962	1	1	2	2268.32	0
11.001	1	2	1	512.573	0
11.002	1	1	2	1581.12	0
11.041	1	2	1	1606.27	0
11.042	1	1	2	540.669	0
11.081	1	2	1	985.951	0
11.082	1	1	2	1015.04	0
11.121	1	2	1	788.795	0
11.122	1	1	2	2402.81	0
11.161	1	2	1	895.256	0
11.162	1	1	2	1391.96	0
11.201	1	2	1	979.837	0
11.202	1	1	2	864.326	0
11.241	1	2	1	1025.6	0
11.242	1	1	2	869.631	0
11.281	1	2	1	1236.02	0
11.282	1	1	2	2625	0
11.321	1	2	1	353.05	0
11.322	1	1	2	1331.04	0
11.361	1	2	1	709.78	0
11.362	1	1	2	404.768	0
11.401	1	2	1	939.648	0
11.402	1	1	2	1771.2	0
11.441	1	2	1	3177.36	0
11.442	1	1	2	737.435	0
11.481	1	2	1	1138.42	0
11.482	1	1	2	2594.09	0
11.521	1	2	1	865.474	0
11.522	1	1	2	800.617	0
11.561	1	2	1	509.7	0
11.562	1	1	2	2173.6	0
11.601	1	2	1	1090.96	0
11.602	1	1	2	766.667	0
11.641	1	2	1	1707.99	0
11.642	1	1	2	558.633	0
11.681	1	2	1	597.692	0
11.682	1	1	2	697.471	0
11.721	1	2	1	762.68	0
11.722	1	1	2	1445.95	0
11.761	1	2	1	1275.7	0
11.762	1	1	2	2467.93	0
11.801	1	2	1	1648.84	0
11.802	1	1	2	658.831	0
11.841	1	2	1	918.383	0
11.842	1	1	2	1261.12	0
11.881	1	2	1	903.991	0
11.882	1	1	2	1387.62	0
11.921	1	2	1	1096.24	0
11.922	1	1	2	857.186	0
11.961	1	2	1	755.51	0
11.962	1	1	2	3419.19	0
12.001	1	2	1	1772.68	0
12.002	1	1	2	839.976	0
12.041	1	2	1	619.108	0
12.042	1	1	2	1528.05	0
12.081	1	2	1	496.396	0
12.082	1	1	2	903.738	0
12.121	1	2	1	786.292	0
12.122	1	1	2	556.805	0
12.161	1	2	1	987.923	0
12.162	1	1	2	531.495	0
12.201	1	2	1	790.302	0
12.202	1	1	2	876.34	0
12.241	1	2	1	310.099	0
12.242	1	1	2	1104.47	0
12.281	1	2	1	1299.83	0
12.282	1	1	2	666.526	0
12.321	1	2	1	802.975	0
12.322	1	1	2	732.06	0
12.361	1	2	1	596.49	0
12.362	1	1	2	898.489	0
12.401	1	2	1	612.804	0
12.402	1	1	2	728.589	0
12.441	1	2	1	792.456	0
12.442	1	1	2	840.315	0
12.481	1	2	1	1510.95	0
12.482	1	1	2	196.012	0
12.521	1	2	1	1779.01	0
12.522	1	1	2	1215.71	0
12.561	1	2	1	285.674	0
12.562	1	1	2	328.377	0
12.601	1	2	1	769.885	0
12.602	1	1	2	1077.12	0
12.641	1	2	1	2106.39	0
12.642	1	1	2	569.087	0
12.681	1	2	1	845.851	0
12.682	1	1	2	866.139	0
12.721	1	2	1	551.81	0
12.722	1	1	2	362.738	0
12.761	1	2	1	636.226	0
12.762	1	1	2	1625.09	0
12.801	1	2	1	1514.64	0
12.802	1	1	2	1906.58	0
12.841	1	2	1	2393.46	0
12.842	1	1	2	478.825	0
12.881	1	2	1	762.385	0
12.882	1	1	2	1092.92	0
12.921	1	2	1	1266.74	0
12.922	1	1	2	949.167	0
12.961	1	2	1	1444.01	0
12.962	1	1	2	441.332	0
13.001	1	2	1	1388.29	0
13.002	1	1	2	467.457	0
13.041	1	2	1	1550.31	0
13.042	1	1	2	1867.38	0
13.081	1	2	1	1211.74	0
13.082	1	1	2	1425.91	0
13.121	1	2	1	1426.62	0
13.122	1	1	2	2208.1	0
13.161	1	2	1	1427.93	0
13.162	1	1	2	881.344	0
13.201	1	2	1	2712.32	0
13.202	1	1	2	1476.65	0
13.241	1	2	1	1234.09	0
13.242	1	1	2	655.614	0
13.281	1	2	1	1232.11	0
13.282	1	1	2	2714.42	0
13.321	1	2	1	690.222	0
13.322	1	1	2	581.636	0
13.361	1	2	1	352.716	0
13.362	1	1	2	505.112	0
13.401	1	2	1	587.972	0
13.402	1	1	2	2561.07	0
13.441	1	2	1	519.221	0
13.442	1	1	2	1022.61	0
13.481	1	2	1	421.038	0
13.482	1	1	2	3439.06	0
13.521	1	2	1	1613.04	0
13.522	1	1	2	1340.37	0
13.561	1	2	1	865.798	0
13.562	1	1	2	466.04	0
13.601	1	2	1	463.235	0
13.602	1	1	2	2077.27	0
13.641	1	2	1	1018.74	0
13.642	1	1	2	550.586	0
13.681	1	2	1	736.731	0
13.682	1	1	2	828.789	0
13.721	1	2	1	739.486	0
13.722	1	1	2	983.599	0
13.761	1	2	1	1071.71	0
13.762	1	1	2	577.707	0
13.801	1	2	1	1839.03	0
13.802	1	1	2	659.248	0
13.841	1	2	1	2220.28	0
13.842	1	1	2	1055.88	0
13.881	1	2	1	1108.88	0
13.882	1	1	2	1090.46	0
13.921	1	2	1	1152.5	0
13.922	1	1	2	733.681	0
13.961	1	2	1	1998.86	0
13.962	1	1	2	1269.02	0
14.001	1	2	1	538.713	0
14.002	1	1	2	802.629	0
14.041	1	2	1	493.127	0
14.042	1	1	2	263.22	0
14.081	1	2	1	1875.72	0
14.082	1	1	2	1257.97	0
14.121	1	2	1	2944.79	0
14.122	1	1	2	889.809	0
14.161	1	2	1	1038.73	0
14.162	1	1	2	602.991	0
14.201	1	2	1	2306.75	0
14.202	1	1	2	589.836	0
14.241	1	2	1	1276.43	0
14.242	1	1	2	785.104	0
14.281	1	2	1	379.62	0
14.282	1	1	2	1481.85	0
14.321	1	2	1	1081.1	0
14.322	1	1	2	1229.19	0
14.361	1	2	1	538.165	0
14.362	1	1	2	484.355	0
14.401	1	2	1	890.537	0
14.402	1	1	2	1204.94	0
14.441	1	2	1	431.115	0
14.442	1	1	2	1187.11	0
14.481	1	2	1	1350.43	0
14.482	1	1	2	1338.89	0
14.521	1	2	1	1351.38	0
14.522	1	1	2	1502.4	0
14.561	1	2	1	1058.03	0
14.562	1	1	2	847.605	0
14.601	1	2	1	964.545	0
14.602	1	1	2	676.211	0
14.641	1	2	1	1393.77	0
14.642	1	1	2	1139.25	0
14.681	1	2	1	1119.61	0
14.682	1	1	2	449.04	0
14.721	1	2	1	1342.97	0
14.722	1	1	2	984.328	0
14.761	1	2	1	1343.41	0
14.762	1	1	2	2422.86	0
14.801	1	2	1	731.298	0
14.802	1	1	2	894.788	0
14.841	1	2	1	1087.44	0
14.842	1	1	2	760.54	0
14.881	1	2	1	1463.02	0
14.882	1	1	2	711.378	0
14.921	1	2	1	386.854	0
14.922	1	1	2	1283.81	0
14.961	1	2	1	1361.92	0
14.962	1	1	2	1177.33	0
15.001	1	2	1	430.323	0
15.002	1	1	2	432.732	0
15.041	1	2	1	1560.73	0
15.042	1	1	2	631.538	0
15.081	1	2	1	2861.34	0
15.082	1	1	2	835.956	0
15.121	1	2	1	1275.13	0
15.122	1	1	2	647.748	0
15.161	1	2	1	762.759	0
15.162	1	1	2	1442.69	0
15.201	1	2	1	1526.23	0
15.202	1	1	2	3273.29	0
15.241	1	2	1	1320.2	0
15.242	1	1	2	308.266	0
15.281	1	2	1	2825.49	0
15.282	1	1	2	1193.31	0
15.321	1	2	1	1247.11	0
15.322	1	1	2	882.036	0
15.361	1	2	1	2836.22	0
15.362	1	1	2	1577.22	0
15.401	1	2	1	260.109	0
15.402	1	1	2	1430.21	0
15.441	1	2	1	1910.83	0
15.442	1	1	2	1018.64	0
15.481	1	2	1	2341.38	0
15.482	1	1	2	745.92	0
15.521	1	2	1	1578.96	0
15.522	1	1	2	1888.58	0
15.561	1	2	1	1239.23	0
15.562	1	1	2	1679.96	0
15.601	1	2	1	2800.8	0
15.602	1	1	2	1253.33	0
15.641	1	2	1	1087.71	0
15.642	1	1	2	1127.8	0
15.681	1	2	1	2934	0
15.682	1	1	2	768.057	0
15.721	1	2	1	227.006	0
15.722	1	1	2	406.138	0
15.761	1	2	1	2017.3	0
15.762	1	1	2	1418.21	0
15.801	1	2	1	2385.44	0
15.802	1	1	2	515.432	0
15.841	1	2	1	1462.54	0
15.842	1	1	2	875.988	0
15.881	1	2	1	923.231	0
15.882	1	1	2	2681.54	0
15.921	1	2	1	510.263	0
15.922	1	1	2	423.269	0
15.961	1	2	1	666.237	0
15.962	1	1	2	848.188	0
16.001	1	2	1	865.595	0
16.002	1	1	2	1130.87	0
16.041	1	2	1	701.83	0
16.042	1	1	2	565.31	0
16.081	1	2	1	726.12	0
16.082	1	1	2	1350.59	0
16.121	1	2	1	1013.3	0
16.122	1	1	2	870.168	0
16.161	1	2	1	318.079	0
16.162	1	1	2	766.531	0
16.201	1	2	1	586.826	0
16.202	1	1	2	665.946	0
16.241	1	2	1	1364.35	0
16.242	1	1	2	857.034	0
16.281	1	2	1	754.625	0
16.282	1	1	2	806.496	0
16.321	1	2	1	1093.38	0
16.322	1	1	2	966.905	0
16.361	1	2	1	1086.29	0
16.362	1	1	2	1505.94	0
16.401	1	2	1	382.186	0
16.402	1	1	2	1412.43	0
16.441	1	2	1	1582.48	0
16.442	1	1	2	329.158	0
16.481	1	2	1	811.082	0
16.482	1	1	2	1042.77	0
16.521	1	2	1	1689.45	0
16.522	1	1	2	630.972	0
16.561	1	2	1	1195.97	0
16.562	1	1	2	898.757	0
16.601	1	2	1	981.201	0
16.602	1	1	2	1081.07	0
16.641	1	2	1	824.391	0
16.642	1	1	2	1068.77	0
16.681	1	2	1	1145.48	0
16.682	1	1	2	1375.37	0
16.721	1	2	1	1002.24	0
16.722	1	1	2	619.883	0
16.761	1	2	1	1462.9	0
16.762	1	1	2	971.355	0
16.801	1	2	1	573.731	0
16.802	1	1	2	837.807	0
16.841	1	2	1	3017.15	0
16.842	1	1	2	1335.8	0
16.881	1	2	1	938.423	0
16.882	1	1	2	939.922	0
16.921	1	2	1	620.369	0
16.922	1	1	2	757.934	0
16.961	1	2	1	2170.39	0
16.962	1	1	2	2293.42	0
17.001	1	2	1	2230.55	0
17.002	1	1	2	1827.74	0
17.041	1	2	1	514.501	0
17.042	1	1	2	739.822	0
17.081	1	2	1	879.145	0
17.082	1	1	2	2505.78	0
17.121	1	2	1	845.115	0
17.122	1	1	2	1906.22	0
17.161	1	2	1	584.459	0
17.162	1	1	2	1421.98	0
17.201	1	2	1	657.469	0
17.202	1	1	2	931.906	0
17.241	1	2	1	974.899	0
17.242	1	1	2	766.851	0
17.281	1	2	1	1166.89	0
17.282	1	1	2	1613.83	0
17.321	1	2	1	847.751	0
17.322	1	1	2	1456.32	0
17.361	1	2	1	1111.81	0
17.362	1	1	2	997.653	0
17.401	1	2	1	970.092	0
17.402	1	1	2	993.266	0
17.441	1	2	1	642.079	0
17.442	1	1	2	2045.27	0
17.481	1	2	1	963.847	0
17.482	1	1	2	984.267	0
17.521	1	2	1	2600.15	0
17.522	1	1	2	605.79	0
17.561	1	2	1	388.683	0
17.562	1	1	2	1190.63	0
17.601	1	2	1	1046.98	0
17.602	1	1	2	345.613	0
17.641	1	2	1	727.317	0
17.642	1	1	2	1625.09	0
17.681	1	2	1	463.076	0
17.682	1	1	2	854.47	0
17.721	1	2	1	1380.67	0
17.722	1	1	2	802.321	0
17.761	1	2	1	546.568	0
17.762	1	1	2	1339.85	0
17.801	1	2	1	1296.71	0
17.802	1	1	2	547.555	0
17.841	1	2	1	1867.68	0
17.842	1	1	2	684.888	0
17.881	1	2	1	1626.61	0
17.882	1	1	2	1174.13	0
17.921	1	2	1	1217.86	0
17.922	1	1	2	827.371	0
17.961	1	2	1	1210.13	0
17.962	1	1	2	599.401	0
18.001	1	2	1	1019.22	0
18.002	1	1	2	800.551	0
18.041	1	2	1	312.66	0
18.042	1	1	2	2220.13	0
18.081	1	2	1	646.723	0
18.082	1	1	2	1308.59	0
18.121	1	2	1	1321.97	0
18.122	1	1	2	459.266	0
18.161	1	2	1	760.637	0
18.162	1	1	2	1082.3	0
18.201	1	2	1	1009.11	0
18.202	1	1	2	522.638	0
18.241	1	2	1	993.676	0
18.242	1	1	2	906.196	0
18.281	1	2	1	452.24	0
18.282	1	1	2	556.091	0
18.321	1	2	1	1540.82	0
18.322	1	1	2	1055.57	0
18.361	1	2	1	811.459	0
18.362	1	1	2	2149.94	0
18.401	1	2	1	878.414	0
18.402	1	1	2	542.458	0
18.441	1	2	1	1129.19	0
18.442	1	1	2	1299.05	0
18.481	1	2	1	1500.02	0
18.482	1	1	2	1134.19	0
18.521	1	2	1	359.12	0
18.522	1	1	2	800.288	0
18.561	1	2	1	2129.74	0
18.562	1	1	2	3140.62	0
18.601	1	2	1	2977.92	0
18.602	1	1	2	230.715	0
18.641	1	2	1	737.151	0
18.642	1	1	2	2230.36	0
18.681	1	2	1	2174.83	0
18.682	1	1	2	2375.57	0
18.721	1	2	1	1311.13	0
18.722	1	1	2	1039.67	0
18.761	1	2	1	490.224	0
18.762	1	1	2	839.869	0
18.801	1	2	1	1081.71	0
18.802	1	1	2	456.066	0
18.841	1	2	1	521.022	0
18.842	1	1	2	670.727	0
18.881	1	2	1	908.658	0
18.882	1	1	2	1985.76	0
18.921	1	2	1	609.903	0
18.922	1	1	2	1038.31	0
18.961	1	2	1	958.833	0
18.962	1	1	2	917.267	0
19.001	1	2	1	936.766	0
19.002	1	1	2	484.567	0
19.041	1	2	1	1476.12	0
19.042	1	1	2	1276.39	0
19.081	1	2	1	488.421	0
19.082	1	1	2	455.417	0
19.121	1	2	1	1243.97	0
19.122	1	1	2	1226.68	0
19.161	1	2	1	245.921	0
19.162	1	1	2	1932.1	0
19.201	1	2	1	835.007	0
19.202	1	1	2	1774.71	0
19.241	1	2	1	1245.15	0
19.242	1	1	2	1297.03	0
19.281	1	2	1	2170.2	0
19.282	1	1	2	954.628	0
19.321	1	2	1	484.958	0
19.322	1	1	2	781.642	0
19.361	1	2	1	1292.12	0
19.362	1	1	2	410.049	0
19.401	1	2	1	2525.97	0
19.402	1	1	2	1484.94	0
19.441	1	2	1	1033.07	0
19.442	1	1	2	563.591	0
19.481	1	2	1	1220.25	0
19.482	1	1	2	854.992	0
19.521	1	2	1	941.526	0
19.522	1	1	2	1132.65	0
19.561	1	2	1	1253.02	0
19.562	1	1	2	337.064	0
19.601	1	2	1	829.453	0
19.602	1	1	2	1524.41	0
19.641	1	2	1	1097.07	0
19.642	1	1	2	965.299	0
19.681	1	2	1	816.931	0
19.682	1	1	2	811.451	0
19.721	1	2	1	885.532	0
19.722	1	1	2	1408.23	0
19.761	1	2	1	821.389	0
19.762	1	1	2	536.588	0
19.801	1	2	1	1413.5	0
19.802	1	1	2	690.662	0
19.841	1	2	1	1377.99	0
19.842	1	1	2	1178.53	0
19.881	1	2	1	994.662	0
19.882	1	1	2	764.141	0
19.921	1	2	1	1648.84	0
19.922	1	1	2	603.758	0
19.961	1	2	1	1556.35	0
19.962	1	1	2	1733.15	0
20.001	1	2	1	2559.77	0
20.002	1	1	2	1406.94	0
20.041	1	2	1	1023.35	0
20.042	1	1	2	810.019	0
20.081	1	2	1	3398.14	0
20.082	1	1	2	1172.51	0
20.121	1	2	1	698.375	0
20.122	1	1	2	1447.15	0
20.161	1	2	1	168.557	0
20.162	1	1	2	435.195	0
20.201	1	2	1	748.083	0
20.202	1	1	2	1327.66	0
20.241	1	2	1	401.677	0
20.242	1	1	2	296.711	0
20.281	1	2	1	1549.44	0
20.282	1	1	2	656.851	0
20.321	1	2	1	1078.04	0
20.322	1	1	2	1036.72	0
20.361	1	2	1	1206.87	0
20.362	1	1	2	484.699	0
20.401	1	2	1	414.947	0
20.402	1	1	2	1488.09	0
20.441	1	2	1	666.836	0
20.442	1	1	2	512.182	0
20.481	1	2	1	1145.74	0
20.482	1	1	2	1247.3	0
20.521	1	2	1	473.295	0
20.522	1	1	2	706.677	0
20.561	1	2	1	1220.02	0
20.562	1	1	2	851.912	0
20.601	1	2	1	681.933	0
20.602	1	1	2	1821.81	0
20.641	1	2	1	2446.32	0
20.642	1	1	2	2541.96	0
20.681	1	2	1	562.811	0
20.682	1	1	2	1136.59	0
20.721	1	2	1	1068.54	0
20.722	1	1	2	866.174	0
20.761	1	2	1	593.45	0
20.762	1	1	2	2329.12	0
20.801	1	2	1	602.26	0
20.802	1	1	2	998.396	0
20.841	1	2	1	690.861	0
20.842	1	1	2	1175.81	0
20.881	1	2	1	765.143	0
20.882	1	1	2	1556.86	0
20.921	1	2	1	1244.04	0
20.922	1	1	2	730.617	0
20.961	1	2	1	1180.65	0
20.962	1	1	2	471.526	0
21.001	1	2	1	397.198	0
21.002	1	1	2	1065.53	0
21.041	1	2	1	898.424	0
21.042	1	1	2	900.019	0
21.081	1	2	1	1542.32	0
21.082	1	1	2	1732.34	0
21.121	1	2	1	469.369	0
21.122	1	1	2	241.301	0
21.161	1	2	1	450.124	0
21.162	1	1	2	453.241	0
21.201	1	2	1	735.506	0
21.202	1	1	2	607.953	0
21.241	1	2	1	992.219	0
21.242	1	1	2	1430.75	0
21.281	1	2	1	1237.61	0
21.282	1	1	2	751.838	0
21.321	1	2	1	1396.2	0
21.322	1	1	2	1832.84	0
21.361	1	2	1	1367.88	0
21.362	1	1	2	573.204	0
21.401	1	2	1	1019.16	0
21.402	1	1	2	1790.21	0
21.441	1	2	1	754.328	0
21.442	1	1	2	325.357	0
21.481	1	2	1	435.357	0
21.482	1	1	2	1058.47	0
21.521	1	2	1	629.948	0
21.522	1	1	2	1178.44	0
21.561	1	2	1	341.084	0
21.562	1	1	2	1992.38	0
21.601	1	2	1	642.827	0
21.602	1	1	2	1919.49	0
21.641	1	2	1	544.183	0
21.642	1	1	2	1242.1	0
21.681	1	2	1	1343.74	0
21.682	1	1	2	508.509	0
21.721	1	2	1	478.831	0
21.722	1	1	2	1058.54	0
21.761	1	2	1	2109.57	0
21.762	1	1	2	641.575	0
21.801	1	2	1	540.042	0
21.802	1	1	2	1483.96	0
21.841	1	2	1	836.842	0
21.842	1	1	2	748.244	0
21.881	1	2	1	955.163	0
21.882	1	1	2	719.689	0
21.921	1	2	1	579.399	0
21.922	1	1	2	1939.14	0
21.961	1	2	1	658.122	0
21.962	1	1	2	720.039	0
22.001	1	2	1	1458.22	0
22.002	1	1	2	876.934	0
22.041	1	2	1	3291.66	0
22.042	1	1	2	1236.02	0
22.081	1	2	1	1335.14	0
22.082	1	1	2	983.41	0
22.121	1	2	1	1825.6	0
22.122	1	1	2	879.893	0
22.161	1	2	1	1330.44	0
22.162	1	1	2	1744.38	0
22.201	1	2	1	493.548	0
22.202	1	1	2	266.779	0
22.241	1	2	1	1806.58	0
22.242	1	1	2	800.617	0
22.281	1	2	1	1276.39	0
22.282	1	1	2	2173.6	0
22.321	1	2	1	1414.28	0
22.322	1	1	2	766.667	0
22.361	1	2	1	2517.92	0
22.362	1	1	2	558.633	0
22.401	1	2	1	504.891	0
22.402	1	1	2	697.471	0
22.441	1	2	1	1000.83	0
22.442	1	1	2	1445.95	0
22.481	1	2	1	1054.42	0
22.482	1	1	2	2467.93	0
22.521	1	2	1	1128.14	0
22.522	1	1	2	901.947	0
22.561	1	2	1	588.669	0
22.562	1	1	2	1988.64	0
22.601	1	2	1	1385.77	0
22.602	1	1	2	2791.4	0
22.641	1	2	1	1282.88	0
22.642	1	1	2	920.385	0
22.681	1	2	1	1302.13	0
22.682	1	1	2	1314.42	0
22.721	1	2	1	526.839	0
22.722	1	1	2	1501.82	0
22.761	1	2	1	480.135	0
22.762	1	1	2	682.917	0
22.801	1	2	1	639.305	0
22.802	1	1	2	2362.95	0
22.841	1	2	1	648.787	0
22.842	1	1	2	653.352	0
22.881	1	2	1	880.455	0
22.882	1	1	2	3382.15	0
22.921	1	2	1	600.183	0
22.922	1	1	2	444.793	0
22.961	1	2	1	934.629	0
22.962	1	1	2	2379.58	0
23.001	1	2	1	462.157	0
23.002	1	1	2	630.224	0
23.041	1	2	1	475.612	0
23.042	1	1	2	1168.79	0
23.081	1	2	1	719.337	0
23.082	1	1	2	447.876	0
23.121	1	2	1	903.165	0
23.122	1	1	2	964.25	0
23.161	1	2	1	1377.4	0
23.162	1	1	2	2488.22	0
23.201	1	2	1	1533.54	0
23.202	1	1	2	838.043	0
23.241	1	2	1	1081.35	0
23.242	1	1	2	755.164	0
23.281	1	2	1	882.124	0
23.282	1	1	2	720.979	0
23.321	1	2	1	696.533	0
23.322	1	1	2	1289.44	0
23.361	1	2	1	669.871	0
23.362	1	1	2	1156.26	0
23.401	1	2	1	1003.33	0
23.402	1	1	2	908.809	0
23.441	1	2	1	322.408	0
23.442	1	1	2	1373.19	0
23.481	1	2	1	565.721	0
23.482	1	1	2	219.552	0
23.521	1	2	1	1058.55	0
23.522	1	1	2	581.018	0
23.561	1	2	1	1028.28	0
23.562	1	1	2	1938.23	0
23.601	1	2	1	514.438	0
23.602	1	1	2	1271.38	0
23.641	1	2	1	674.789	0
23.642	1	1	2	625.779	0
23.681	1	2	1	730.153	0
23.682	1	1	2	1071.07	0
23.721	1	2	1	635.632	0
23.722	1	1	2	530.514	0
23.761	1	2	1	1375.11	0
23.762	1	1	2	901.914	0
23.801	1	2	1	3364.28	0
23.802	1	1	2	878.084	0
23.841	1	2	1	370.499	0
23.842	1	1	2	611.523	0
23.881	1	2	1	1083.75	0
23.882	1	1	2	2068.2	0
23.921	1	2	1	916.669	0
23.922	1	1	2	613.295	0
23.961	1	2	1	1537.19	0
23.962	1	1	2	1387.06	0
24.001	1	2	1	527.266	0
24.002	1	1	2	1323.34	0
24.041	1	2	1	639.77	0
24.042	1	1	2	1863.99	0
24.081	1	2	1	446.293	0
24.082	1	1	2	1630.37	0
24.121	1	2	1	616.597	0
24.122	1	1	2	546.321	0
24.161	1	2	1	1867.7	0
24.162	1	1	2	810.658	0
24.201	1	2	1	725.576	0
24.202	1	1	2	1671	0
24.241	1	2	1	476.389	0
24.242	1	1	2	2309.78	0
24.281	1	2	1	683.83	0
24.282	1	1	2	2635.68	0
24.321	1	2	1	1041.29	0
24.322	1	1	2	2003.49	0
24.361	1	2	1	743.647	0
24.362	1	1	2	1053.52	0
24.401	1	2	1	444.212	0
24.402	1	1	2	1254.69	0
24.441	1	2	1	1397.48	0
24.442	1	1	2	1312.87	0
24.481	1	2	1	634.568	0
24.482	1	1	2	2235.46	0
24.521	1	2	1	1080.59	0
24.522	1	1	2	546.535	0
24.561	1	2	1	542.073	0
24.562	1	1	2	600.272	0
24.601	1	2	1	887.085	0
24.602	1	1	2	1560.98	0
24.641	1	2	1	415.828	0
24.642	1	1	2	2339.79	0
24.681	1	2	1	1398.11	0
24.682	1	1	2	838.836	0
24.721	1	2	1	2051.65	0
24.722	1	1	2	1268.53	0
24.761	1	2	1	496.288	0
24.762	1	1	2	1476.85	0
24.801	1	2	1	1186.29	0
24.802	1	1	2	798.533	0
24.841	1	2	1	1019.21	0
24.842	1	1	2	3565.86	0
24.881	1	2	1	521.377	0
24.882	1	1	2	683.768	0
24.921	1	2	1	1312.16	0
24.922	1	1	2	1101.45	0
24.961	1	2	1	2385.04	0
24.962	1	1	2	2165.13	0
25.001	1	2	1	1187.59	0
25.002	1	1	2	1582.08	0
25.041	1	2	1	651.208	0
25.042	1	1	2	1288.99	0
25.081	1	2	1	1150.9	0
25.082	1	1	2	1008.62	0
25.121	1	2	1	1334.69	0
25.122	1	1	2	1488.3	0
25.161	1	2	1	459.744	0
25.162	1	1	2	1723.12	0
25.201	1	2	1	1439.64	0
25.202	1	1	2	750.469	0
25.241	1	2	1	773.152	0
25.242	1	1	2	1270.1	0
25.281	1	2	1	1345.24	0
25.282	1	1	2	706.312	0
25.321	1	2	1	1791.71	0
25.322	1	1	2	2836.2	0
25.361	1	2	1	1165.73	0
25.362	1	1	2	2730.47	0
25.401	1	2	1	1108.06	0
25.402	1	1	2	1270.99	0
25.441	1	2	1	956.326	0
25.442	1	1	2	1101.47	0
25.481	1	2	1	995.156	0
25.482	1	1	2	663.831	0
25.521	1	2	1	653.986	0
25.522	1	1	2	1487.5	0
25.561	1	2	1	2891.67	0
25.562	1	1	2	1754.15	0
25.601	1	2	1	499.778	0
25.602	1	1	2	259.133	0
25.641	1	2	1	490.818	0
25.642	1	1	2	1012.16	0
25.681	1	2	1	2552.1	0
25.682	1	1	2	1042.83	0
25.721	1	2	1	1032.15	0
25.722	1	1	2	877.688	0
25.761	1	2	1	3308.69	0
25.762	1	1	2	246.299	0
25.801	1	2	1	695.239	0
25.802	1	1	2	603.07	0
25.841	1	2	1	179.336	0
25.842	1	1	2	1183.57	0
25.881	1	2	1	750.406	0
25.882	1	1	2	685.331	0
25.921	1	2	1	412.328	0
25.922	1	1	2	1578.36	0
25.961	1	2	1	1502.94	0
25.962	1	1	2	2842.24	0
26.001	1	2	1	946.444	0
26.002	1	1	2	1087.6	0
26.041	1	2	1	988.561	0
26.042	1	1	2	959.819	0
26.081	1	2	1	1817.03	0
26.082	1	1	2	1989.9	0
26.121	1	2	1	342.363	0
26.122	1	1	2	2722.76	0
26.161	1	2	1	691.923	0
26.162	1	1	2	908.147	0
26.201	1	2	1	1930.95	0
26.202	1	1	2	1361.35	0
26.241	1	2	1	1059.31	0
26.242	1	1	2	1455.55	0
26.281	1	2	1	531.424	0
26.282	1	1	2	628.384	0
26.321	1	2	1	527.833	0
26.322	1	1	2	2301.67	0
26.361	1	2	1	1671.65	0
26.362	1	1	2	670.783	0
26.401	1	2	1	2195.13	0
26.402	1	1	2	3410.67	0
26.441	1	2	1	1051.35	0
26.442	1	1	2	506.334	0
26.481	1	2	1	1260.97	0
26.482	1	1	2	2376.86	0
26.521	1	2	1	512.573	0
26.522	1	1	2	632.254	0
26.561	1	2	1	1606.27	0
26.562	1	1	2	1350.53	0
26.601	1	2	1	985.951	0
26.602	1	1	2	3388.35	0
26.641	1	2	1	788.795	0
26.642	1	1	2	396.475	0
26.681	1	2	1	895.256	0
26.682	1	1	2	1047.84	0
26.721	1	2	1	979.837	0
26.722	1	1	2	928.301	0
26.761	1	2	1	1025.6	0
26.762	1	1	2	1522.69	0
26.801	1	2	1	1236.02	0
26.802	1	1	2	1420.61	0
26.841	1	2	1	353.05	0
26.842	1	1	2	1104.72	0
26.881	1	2	1	709.78	0
26.882	1	1	2	774.578	0
26.921	1	2	1	939.648	0
26.922	1	1	2	700.639	0
26.961	1	2	1	3177.36	0
26.962	1	1	2	2339.99	0
27.001	1	2	1	781.206	0
27.002	1	1	2	1081.14	0
27.041	1	2	1	708.051	0
27.042	1	1	2	1231.63	0
27.081	1	2	1	851.419	0
27.082	1	1	2	415.524	0
27.121	1	2	1	856.564	0
27.122	1	1	2	2682.11	0
27.161	1	2	1	1204.04	0
27.162	1	1	2	2978.16	0
27.201	1	2	1	902.694	0
27.202	1	1	2	745.14	0
27.241	1	2	1	641.649	0
27.242	1	1	2	1411.95	0
27.281	1	2	1	1117.75	0
27.282	1	1	2	999.337	0
27.321	1	2	1	1892.39	0
27.322	1	1	2	863.003	0
27.361	1	2	1	727.429	0
27.362	1	1	2	1000.61	0
27.401	1	2	1	1441.06	0
27.402	1	1	2	601.541	0
27.441	1	2	1	2443.54	0
27.442	1	1	2	799.099	0
27.481	1	2	1	1091.33	0
27.482	1	1	2	1503.02	0
27.521	1	2	1	580.707	0
27.522	1	1	2	931.596	0
27.561	1	2	1	1355.09	0
27.562	1	1	2	1570.18	0
27.601	1	2	1	887.212	0
27.602	1	1	2	1603.37	0
27.641	1	2	1	758.097	0
27.642	1	1	2	852.076	0
27.681	1	2	1	657.174	0
27.682	1	1	2	448.122	0
27.721	1	2	1	871.564	0
27.722	1	1	2	2634.99	0
27.761	1	2	1	800.223	0
27.762	1	1	2	1283.78	0
27.801	1	2	1	964.979	0
27.802	1	1	2	1025.08	0
27.841	1	2	1	1525.31	0
27.842	1	1	2	304.371	0
27.881	1	2	1	1399.97	0
27.882	1	1	2	2458.27	0
27.921	1	2	1	318.132	0
27.922	1	1	2	3019.82	0
27.961	1	2	1	1044.81	0
27.962	1	1	2	566.341	0
28.001	1	2	1	923.368	0
28.002	1	1	2	993.016	0
28.041	1	2	1	1388.89	0
28.042	1	1	2	1681.26	0
28.081	1	2	1	1965.69	0
28.082	1	1	2	929.375	0
28.121	1	2	1	1864.22	0
28.122	1	1	2	1630.18	0
28.161	1	2	1	930.111	0
28.162	1	1	2	488.051	0
28.201	1	2	1	468.914	0
28.202	1	1	2	1395.43	0
28.241	1	2	1	1003.29	0
28.242	1	1	2	189.242	0
28.281	1	2	1	1639.87	0
28.282	1	1	2	857.552	0
28.321	1	2	1	2386.04	0
28.322	1	1	2	1253.17	0
28.361	1	2	1	1081.95	0
28.362	1	1	2	2065.72	0
28.401	1	2	1	395.403	0
28.402	1	1	2	487.079	0
28.441	1	2	1	561.044	0
28.442	1	1	2	1112.29	0
28.481	1	2	1	892.462	0
28.482	1	1	2	2708.97	0
28.521	1	2	1	1198.27	0
28.522	1	1	2	1680.76	0
28.561	1	2	1	814.509	0
28.562	1	1	2	904.359	0
28.601	1	2	1	1048.9	0
28.602	1	1	2	571.337	0
28.641	1	2	1	1662.23	0
28.642	1	1	2	540.277	0
28.681	1	2	1	340.262	0
28.682	1	1	2	1026.73	0
28.721	1	2	1	641.388	0
28.722	1	1	2	592.799	0
28.761	1	2	1	553.729	0
28.762	1	1	2	698.427	0
28.801	1	2	1	1188.86	0
28.802	1	1	2	1529.57	0
28.841	1	2	1	618.1	0
28.842	1	1	2	476.282	0
28.881	1	2	1	1661.23	0
28.882	1	1	2	492.523	0
28.921	1	2	1	611.007	0
28.922	1	1	2	710.335	0
28.961	1	2	1	1776.51	0
28.962	1	1	2	876.71	0
29.001	1	2	1	853.893	0
29.002	1	1	2	207.789	0
29.041	1	2	1	790.282	0
29.042	1	1	2	1081	0
29.081	1	2	1	986.8	0
29.082	1	1	2	997.096	0
29.121	1	2	1	1008.24	0
29.122	1	1	2	779.386	0
29.161	1	2	1	314.197	0
29.162	1	1	2	187.455	0
29.201	1	2	1	671.925	0
29.202	1	1	2	675.701	0
29.241	1	2	1	1285.29	0
29.242	1	1	2	1442.62	0
29.281	1	2	1	761.406	0
29.282	1	1	2	691.964	0
29.321	1	2	1	960.607	0
29.322	1	1	2	1592.12	0
29.361	1	2	1	952.719	0
29.362	1	1	2	2402.65	0
29.401	1	2	1	500.531	0
29.402	1	1	2	448.108	0
29.441	1	2	1	1506.45	0
29.442	1	1	2	1736.95	0
29.481	1	2	1	814.762	0
29.482	1	1	2	686.397	0
29.521	1	2	1	805.477	0
29.522	1	1	2	826.257	0
29.561	1	2	1	497.292	0
29.562	1	1	2	1520.15	0
29.601	1	2	1	616.662	0
29.602	1	1	2	1484.76	0
29.641	1	2	1	1049.71	0
29.642	1	1	2	641.178	0
29.681	1	2	1	694.64	0
29.682	1	1	2	884.57	0
29.721	1	2	1	546.176	0
29.722	1	1	2	857.408	0
29.761	1	2	1	1458.77	0
29.762	1	1	2	1093.35	0
29.801	1	2	1	551.174	0
29.802	1	1	2	977.8	0
29.841	1	2	1	536.837	0
29.842	1	1	2	320.435	0
29.881	1	2	1	683.197	0
29.882	1	1	2	698.699	0
29.921	1	2	1	833.517	0
29.922	1	1	2	1220.67	0
29.961	1	2	1	1509.7	0
29.962	1	1	2	761.902	0
30.001	1	2	1	1105.47	0
30.002	1	1	2	975.112	0
30.041	1	2	1	1102.24	0
30.042	1	1	2	1815.77	0
30.081	1	2	1	374.128	0
30.082	1	1	2	333.215	0
30.121	1	2	1	1586	0
30.122	1	1	2	703.35	0
30.161	1	2	1	811.534	0
30.162	1	1	2	1957.43	0
30.201	1	2	1	1019.02	0
30.202	1	1	2	1026.61	0
30.241	1	2	1	1247.95	0
30.242	1	1	2	534.602	0
30.281	1	2	1	1377.9	0
30.282	1	1	2	540.497	0
30.321	1	2	1	580.02	0
30.322	1	1	2	1650.14	0
30.361	1	2	1	739.155	0
30.362	1	1	2	2224.53	0
30.401	1	2	1	1978.61	0
30.402	1	1	2	1007.07	0
30.441	1	2	1	1391.01	0
30.442	1	1	2	1263.97	0
30.481	1	2	1	1165.48	0
30.482	1	1	2	1531.09	0
30.521	1	2	1	1526.86	0
30.522	1	1	2	1287.88	0
30.561	1	2	1	1168.95	0
30.562	1	1	2	755.324	0
30.601	1	2	1	906.207	0
30.602	1	1	2	1714.79	0
30.641	1	2	1	331.231	0
30.642	1	1	2	224.562	0
30.681	1	2	1	775.076	0
30.682	1	1	2	377.999	0
30.721	1	2	1	431.472	0
30.722	1	1	2	778.239	0
30.761	1	2	1	431.072	0
30.762	1	1	2	1608.81	0
30.801	1	2	1	1203.54	0
30.802	1	1	2	866.925	0
30.841	1	2	1	657.198	0
30.842	1	1	2	1812.46	0
30.881	1	2	1	1157.73	0
30.882	1	1	2	524.173	0
30.921	1	2	1	1332.02	0
30.922	1	1	2	1641.77	0
30.961	1	2	1	445.358	0
30.962	1	1	2	201.237	0
31.001	1	2	1	2456.97	0
31.002	1	1	2	2515.71	0
31.041	1	2	1	916.819	0
31.042	1	1	2	903.703	0
31.081	1	2	1	977.47	0
31.082	1	1	2	648.421	0
31.121	1	2	1	1527.61	0
31.122	1	1	2	918.467	0
31.161	1	2	1	813.858	0
31.162	1	1	2	625.967	0
31.201	1	2	1	654.616	0
31.202	1	1	2	650.977	0
31.241	1	2	1	2744.15	0
31.242	1	1	2	454.002	0
31.281	1	2	1	1351.25	0
31.282	1	1	2	713.4	0
31.321	1	2	1	408.308	0
31.322	1	1	2	1821.26	0
31.361	1	2	1	788.91	0
31.362	1	1	2	650.333	0
31.401	1	2	1	1470.92	0
31.402	1	1	2	482.882	0
31.441	1	2	1	2913.05	0
31.442	1	1	2	753.246	0
31.481	1	2	1	1650.63	0
31.482	1	1	2	1011.06	0
31.521	1	2	1	1222.94	0
31.522	1	1	2	1868.1	0
31.561	1	2	1	1114.13	0
31.562	1	1	2	738.854	0
31.601	1	2	1	328.025	0
31.602	1	1	2	478.106	0
31.641	1	2	1	2549.27	0
31.642	1	1	2	672.092	0
31.681	1	2	1	3017.84	0
31.682	1	1	2	1044.1	0
31.721	1	2	1	595.495	0
31.722	1	1	2	736.736	0
31.761	1	2	1	1653	0
31.762	1	1	2	460.824	0
31.801	1	2	1	1154.03	0
31.802	1	1	2	1408.07	0
31.841	1	2	1	760.684	0
31.842	1	1	2	618.981	0
31.881	1	2	1	1042.74	0
31.882	1	1	2	561.048	0
31.921	1	2	1	562.377	0
31.922	1	1	2	663.134	0
31.961	1	2	1	862.895	0
31.962	1	1	2	816.766	0
32.001	1	2	1	1712.88	0
32.002	1	1	2	1633.35	0
32.041	1	2	1	745.66	0
32.042	1	1	2	430.792	0
32.081	1	2	1	2676.69	0
32.082	1	1	2	1434.33	0
32.121	1	2	1	1868.15	0
32.122	1	1	2	784.872	0
32.161	1	2	1	1234.82	0
32.162	1	1	2	528.887	0
32.201	1	2	1	1037.05	0
32.202	1	1	2	1251.53	0
32.241	1	2	1	806.015	0
32.242	1	1	2	1375.66	0
32.281	1	2	1	1617.1	0
32.282	1	1	2	892.008	0
32.321	1	2	1	1513.79	0
32.322	1	1	2	980.678	0
32.361	1	2	1	969.301	0
32.362	1	1	2	635.067	0
32.401	1	2	1	806.198	0
32.402	1	1	2	875.183	0
32.441	1	2	1	2206.18	0
32.442	1	1	2	640.509	0
32.481	1	2	1	1081.14	0
32.482	1	1	2	826.48	0
32.521	1	2	1	1169.94	0
32.522	1	1	2	758.415	0
32.561	1	2	1	1143.79	0
32.562	1	1	2	1772.68	0
32.601	1	2	1	1826.53	0
32.602	1	1	2	619.108	0
32.641	1	2	1	1861.48	0
32.642	1	1	2	496.396	0
32.681	1	2	1	449.34	0
32.682	1	1	2	786.292	0
32.721	1	2	1	1453.49	0
32.722	1	1	2	987.923	0
32.761	1	2	1	1089.29	0
32.762	1	1	2	790.302	0
32.801	1	2	1	721.005	0
32.802	1	1	2	310.099	0
32.841	1	2	1	1123.32	0
32.842	1	1	2	1299.83	0
32.881	1	2	1	835.692	0
32.882	1	1	2	802.975	0
32.921	1	2	1	2171.55	0
32.922	1	1	2	596.49	0
32.961	1	2	1	1666.51	0
32.962	1	1	2	612.804	0
33.001	1	2	1	1542.23	0
33.002	1	1	2	778.577	0
33.041	1	2	1	753.627	0
33.042	1	1	2	557.76	0
33.081	1	2	1	3619.01	0
33.082	1	1	2	2553.99	0
33.121	1	2	1	580.437	0
33.122	1	1	2	1048.36	0
33.161	1	2	1	897.497	0
33.162	1	1	2	3604.25	0
33.201	1	2	1	2267.95	0
33.202	1	1	2	703.224	0
33.241	1	2	1	1749.23	0
33.242	1	1	2	145.836	0
33.281	1	2	1	1995.63	0
33.282	1	1	2	735.338	0
33.321	1	2	1	545.521	0
33.322	1	1	2	390.034	0
33.361	1	2	1	363.068	0
33.362	1	1	2	1657.72	0
33.401	1	2	1	713.915	0
33.402	1	1	2	943.532	0
33.441	1	2	1	781.802	0
33.442	1	1	2	1214.24	0
33.481	1	2	1	835.903	0
33.482	1	1	2	403.696	0
33.521	1	2	1	614.073	0
33.522	1	1	2	1096.96	0
33.561	1	2	1	1548.66	0
33.562	1	1	2	1745.96	0
33.601	1	2	1	903.235	0
33.602	1	1	2	482.711	0
33.641	1	2	1	473.536	0
33.642	1	1	2	1142.55	0
33.681	1	2	1	898.044	0
33.682	1	1	2	1108.17	0
33.721	1	2	1	1209.83	0
33.722	1	1	2	1905.05	0
33.761	1	2	1	1328.93	0
33.762	1	1	2	1842.49	0
33.801	1	2	1	1721.83	0
33.802	1	1	2	444.134	0
33.841	1	2	1	539.957	0
33.842	1	1	2	1438.21	0
33.881	1	2	1	604.013	0
33.882	1	1	2	1087.16	0
33.921	1	2	1	1139.72	0
33.922	1	1	2	737.071	0
33.961	1	2	1	916.624	0
33.962	1	1	2	1141.69	0
34.001	1	2	1	1032.56	0
34.002	1	1	2	1414.05	0
34.041	1	2	1	572.659	0
34.042	1	1	2	811.213	0
34.081	1	2	1	847.468	0
34.082	1	1	2	1638.26	0
34.121	1	2	1	1291.02	0
34.122	1	1	2	1410.26	0
34.161	1	2	1	345.3	0
34.162	1	1	2	885.35	0
34.201	1	2	1	1768.23	0
34.202	1	1	2	724.225	0
34.241	1	2	1	659.178	0
34.242	1	1	2	545.486	0
34.281	1	2	1	1359.04	0
34.282	1	1	2	2492.02	0
34.321	1	2	1	1295.87	0
34.322	1	1	2	1558.41	0
34.361	1	2	1	1585.29	0
34.362	1	1	2	1605.04	0
34.401	1	2	1	1883.02	0
34.402	1	1	2	359.81	0
34.441	1	2	1	1124.81	0
34.442	1	1	2	1414.18	0
34.481	1	2	1	1642.52	0
34.482	1	1	2	1315.23	0
34.521	1	2	1	1275.14	0
34.522	1	1	2	1486.52	0
34.561	1	2	1	1311.58	0
34.562	1	1	2	985.11	0
34.601	1	2	1	546.843	0
34.602	1	1	2	896.455	0
34.641	1	2	1	469.441	0
34.642	1	1	2	2124.97	0
34.681	1	2	1	647.908	0
34.682	1	1	2	1033.95	0
34.721	1	2	1	669.742	0
34.722	1	1	2	1253.99	0
34.761	1	2	1	869.316	0
34.762	1	1	2	450.355	0
34.801	1	2	1	603.832	0
34.802	1	1	2	2713.66	0
34.841	1	2	1	924.285	0
34.842	1	1	2	2956.13	0
34.881	1	2	1	1133.25	0
34.882	1	1	2	808.35	0
34.921	1	2	1	906.199	0
34.922	1	1	2	1350.09	0
34.961	1	2	1	1068.66	0
34.962	1	1	2	949.453	0
35.001	1	2	1	716.256	0
35.002	1	1	2	1566.64	0
35.041	1	2	1	1395.88	0
35.042	1	1	2	2025.5	0
35.081	1	2	1	1737.02	0
35.082	1	1	2	1353.16	0
35.121	1	2	1	2210.28	0
35.122	1	1	2	975.099	0
35.161	1	2	1	1333.03	0
35.162	1	1	2	250.543	0
35.201	1	2	1	1025.05	0
35.202	1	1	2	671.659	0
35.241	1	2	1	1299.41	0
35.242	1	1	2	580.219	0
35.281	1	2	1	649.923	0
35.282	1	1	2	960.107	0
35.321	1	2	1	1025.78	0
35.322	1	1	2	1089.42	0
35.361	1	2	1	871.013	0
35.362	1	1	2	1837.12	0
35.401	1	2	1	833.289	0
35.402	1	1	2	1858.46	0
35.441	1	2	1	1231.76	0
35.442	1	1	2	1183.29	0
35.481	1	2	1	723.385	0
35.482	1	1	2	539.063	0
35.521	1	2	1	615.08	0
35.522	1	1	2	1019.54	0
35.561	1	2	1	1077.06	0
35.562	1	1	2	314.991	0
35.601	1	2	1	1029.08	0
35.602	1	1	2	607.644	0
35.641	1	2	1	1137.65	0
35.642	1	1	2	1355.34	0
35.681	1	2	1	832.843	0
35.682	1	1	2	757.452	0
35.721	1	2	1	1487.5	0
35.722	1	1	2	1067.52	0
35.761	1	2	1	1754.15	0
35.762	1	1	2	1054.71	0
35.801	1	2	1	259.133	0
35.802	1	1	2	401.331	0
35.841	1	2	1	1012.16	0
35.842	1	1	2	1572.53	0
35.881	1	2	1	1042.83	0
35.882	1	1	2	810.747	0
35.921	1	2	1	877.688	0
35.922	1	1	2	957.623	0
35.961	1	2	1	246.299	0
35.962	1	1	2	1189.74	0
36.001	1	2	1	432.732	0
36.002	1	1	2	219.467	0
36.041	1	2	1	631.538	0
36.042	1	1	2	621.113	0
36.081	1	2	1	835.956	0
36.082	1	1	2	486.783	0
36.121	1	2	1	647.748	0
36.122	1	1	2	1281.75	0
36.161	1	2	1	1442.69	0
36.162	1	1	2	629.263	0
36.201	1	2	1	3273.29	0
36.202	1	1	2	2392.58	0
36.241	1	2	1	308.266	0
36.242	1	1	2	528.661	0
36.281	1	2	1	1193.31	0
36.282	1	1	2	988.808	0
36.321	1	2	1	882.036	0
36.322	1	1	2	673.814	0
36.361	1	2	1	1577.22	0
36.362	1	1	2	594.636	0
36.401	1	2	1	1430.21	0
36.402	1	1	2	671.575	0
36.441	1	2	1	1018.64	0
36.442	1	1	2	843.274	0
36.481	1	2	1	745.92	0
36.482	1	1	2	1232.03	0
36.521	1	2	1	1496.98	0
36.522	1	1	2	617.983	0
36.561	1	2	1	1254.71	0
36.562	1	1	2	665.585	0
36.601	1	2	1	776.906	0
36.602	1	1	2	1516.96	0
36.641	1	2	1	694.99	0
36.642	1	1	2	487.698	0
36.681	1	2	1	1470.4	0
36.682	1	1	2	501.8	0
36.721	1	2	1	1202.84	0
36.722	1	1	2	705.204	0
36.761	1	2	1	1376.13	0
36.762	1	1	2	865.385	0
36.801	1	2	1	574.803	0
36.802	1	1	2	1450.56	0
36.841	1	2	1	3088.87	0
36.842	1	1	2	1547.4	0
36.881	1	2	1	1027.91	0
36.882	1	1	2	891.069	0
36.921	1	2	1	542.309	0
36.922	1	1	2	846.918	0
36.961	1	2	1	2178.33	0
36.962	1	1	2	728.718	0
37.001	1	2	1	872.13	0
37.002	1	1	2	2600.8	0
37.041	1	2	1	574.466	0
37.042	1	1	2	1463.83	0
37.081	1	2	1	1178.44	0
37.082	1	1	2	1056.75	0
37.121	1	2	1	1992.38	0
37.122	1	1	2	567.928	0
37.161	1	2	1	1919.49	0
37.162	1	1	2	1018.12	0
37.201	1	2	1	1242.1	0
37.202	1	1	2	834.256	0
37.241	1	2	1	508.509	0
37.242	1	1	2	712.569	0
37.281	1	2	1	1058.54	0
37.282	1	1	2	558.176	0
37.321	1	2	1	641.575	0
37.322	1	1	2	2028.96	0
37.361	1	2	1	1483.96	0
37.362	1	1	2	692.466	0
37.401	1	2	1	748.244	0
37.402	1	1	2	876.826	0
37.441	1	2	1	719.689	0
37.442	1	1	2	728.191	0
37.481	1	2	1	1939.14	0
37.482	1	1	2	1020.02	0
37.521	1	2	1	631.374	0
37.522	1	1	2	1399.2	0
37.561	1	2	1	1703.67	0
37.562	1	1	2	2588.54	0
37.601	1	2	1	700.759	0
37.602	1	1	2	535.479	0
37.641	1	2	1	790.064	0
37.642	1	1	2	1001.68	0
37.681	1	2	1	905.414	0
37.682	1	1	2	1072.34	0
37.721	1	2	1	1967.72	0
37.722	1	1	2	1222.23	0
37.761	1	2	1	667.599	0
37.762	1	1	2	641.398	0
37.801	1	2	1	853.979	0
37.802	1	1	2	355.82	0
37.841	1	2	1	1029.3	0
37.842	1	1	2	643.504	0
37.881	1	2	1	1062.58	0
37.882	1	1	2	549.875	0
37.921	1	2	1	690.139	0
37.922	1	1	2	1340.37	0
37.961	1	2	1	807.689	0
37.962	1	1	2	466.04	0
38.001	1	2	1	1200.9	0
38.002	1	1	2	1663.36	0
38.041	1	2	1	822.509	0
38.042	1	1	2	279.649	0
38.081	1	2	1	996.105	0
38.082	1	1	2	381.071	0
38.121	1	2	1	886.438	0
38.122	1	1	2	945.692	0
38.161	1	2	1	1045.47	0
38.162	1	1	2	1676.59	0
38.201	1	2	1	856.516	0
38.202	1	1	2	921.19	0
38.241	1	2	1	841.325	0
38.242	1	1	2	1682.66	0
38.281	1	2	1	1414.84	0
38.282	1	1	2	492.932	0
38.321	1	2	1	770.814	0
38.322	1	1	2	1455.12	0
38.361	1	2	1	462.732	0
38.362	1	1	2	179.726	0
38.401	1	2	1	611.893	0
38.402	1	1	2	870.713	0
38.441	1	2	1	820.309	0
38.442	1	1	2	1263.42	0
38.481	1	2	1	430.887	0
38.482	1	1	2	2019.2	0
38.521	1	2	1	459.087	0
38.522	1	1	2	248.565	0
38.561	1	2	1	621.863	0
38.562	1	1	2	2119.98	0
38.601	1	2	1	1149.7	0
38.602	1	1	2	710.724	0
38.641	1	2	1	606.003	0
38.642	1	1	2	1161.54	0
38.681	1	2	1	973.959	0
38.682	1	1	2	424.365	0
38.721	1	2	1	1601.62	0
38.722	1	1	2	1101.5	0
38.761	1	2	1	850.22	0
38.762	1	1	2	1150.88	0
38.801	1	2	1	486.071	0
38.802	1	1	2	784.843	0
38.841	1	2	1	1014.38	0
38.842	1	1	2	757.252	0
38.881	1	2	1	740.943	0
38.882	1	1	2	749.34	0
38.921	1	2	1	740.306	0
38.922	1	1	2	1140.56	0
38.961	1	2	1	1097.42	0
38.962	1	1	2	1591.1	0
39.001	1	2	1	962.27	0
39.002	1	1	2	1656.95	0
39.041	1	2	1	359.185	0
39.042	1	1	2	433.812	0
39.081	1	2	1	605.181	0
39.082	1	1	2	1387.76	0
39.121	1	2	1	948.969	0
39.122	1	1	2	957.63	0
39.161	1	2	1	661.401	0
39.162	1	1	2	2976.66	0
39.201	1	2	1	1500.47	0
39.202	1	1	2	1635.88	0
39.241	1	2	1	3153.52	0
39.242	1	1	2	831.24	0
39.281	1	2	1	271.577	0
39.282	1	1	2	1439.26	0
39.321	1	2	1	1304.17	0
39.322	1	1	2	931.596	0
39.361	1	2	1	847.038	0
39.362	1	1	2	1570.18	0
39.401	1	2	1	1611.22	0
39.402	1	1	2	1603.37	0
39.441	1	2	1	1424.88	0
39.442	1	1	2	852.076	0
39.481	1	2	1	951.671	0
39.482	1	1	2	448.122	0
39.521	1	2	1	2028.69	0
39.522	1	1	2	344.372	0
39.561	1	2	1	1717.06	0
39.562	1	1	2	1353.52	0
39.601	1	2	1	1995.96	0
39.602	1	1	2	682.482	0
39.641	1	2	1	684.178	0
39.642	1	1	2	1227.64	0
39.681	1	2	1	765.006	0
39.682	1	1	2	1161.66	0
39.721	1	2	1	755.459	0
39.722	1	1	2	1899.36	0
39.761	1	2	1	1310.66	0
39.762	1	1	2	2376.03	0
39.801	1	2	1	2491.9	0
39.802	1	1	2	926.894	0
39.841	1	2	1	1448.22	0
39.842	1	1	2	1520.92	0
39.881	1	2	1	838.037	0
39.882	1	1	2	1223.17	0
39.921	1	2	1	685.373	0
39.922	1	1	2	464.633	0
39.961	1	2	1	640.91	0
39.962	1	1	2	2073.64	0
40.001	1	2	1	1123.03	0
40.002	1	1	2	1366.52	0
40.041	1	2	1	2263.38	0
40.042	1	1	2	1723.26	0
40.081	1	2	1	405.327	0
40.082	1	1	2	1025.06	0
40.121	1	2	1	519.675	0
40.122	1	1	2	972.503	0
40.161	1	2	1	1656.68	0
40.162	1	1	2	949.757	0
40.201	1	2	1	1187.13	0
40.202	1	1	2	737.607	0
40.241	1	2	1	2573.75	0
40.242	1	1	2	1261.68	0
40.281	1	2	1	585.442	0
40.282	1	1	2	244.723	0
40.321	1	2	1	1328.64	0
40.322	1	1	2	2111.39	0
40.361	1	2	1	726.317	0
40.362	1	1	2	729.888	0
40.401	1	2	1	1990.2	0
40.402	1	1	2	1211.25	0
40.441	1	2	1	1171.12	0
40.442	1	1	2	440.225	0
40.481	1	2	1	669.695	0
40.482	1	1	2	1005.53	0
40.521	1	2	1	1906.79	0
40.522	1	1	2	1140.76	0
40.561	1	2	1	469.497	0
40.562	1	1	2	2483.82	0
40.601	1	2	1	1497.26	0
40.602	1	1	2	1337.06	0
40.641	1	2	1	1101.93	0
40.642	1	1	2	754.559	0
40.681	1	2	1	679.146	0
40.682	1	1	2	948.866	0
40.721	1	2	1	1065.93	0
40.722	1	1	2	2437.77	0
40.761	1	2	1	796.259	0
40.762	1	1	2	1415.25	0
40.801	1	2	1	2265.78	0
40.802	1	1	2	402.545	0
40.841	1	2	1	1633.13	0
40.842	1	1	2	1653.67	0
40.881	1	2	1	2005.45	0
40.882	1	1	2	764.122	0
40.921	1	2	1	597.918	0
40.922	1	1	2	2751.58	0
40.961	1	2	1	937.651	0
40.962	1	1	2	1837.89	0
