% start	end	CellId	IMSI	RNTI	LCID	nTxPDUs	TxBytes	nRxPDUs	RxBytes	delay	stdDev	min	max	PduSize	stdDev	min	max
1	2	1	1	2	3	323	1306709	319	1286995	0.0250129	0.0414189	0.003	0.158783	4034.47	2100.94	2	7708	
1	2	1	2	1	3	312	796366	316	809094	0.0108396	0.0222561	0.003	0.111003	2560.42	1910.54	2	7708	
2	3	1	1	2	3	323	1103785	341	1190819	0.0100798	0.0152333	0.003	0.0589945	3492.14	2034.18	2	7708	
2	3	1	2	1	3	593	1217018	589	1203829	0.0158929	0.0290741	0.003	0.143067	2043.85	1858.81	2	7708	
3	4	1	1	2	3	175	517991	231	687931	0.0290965	0.0354486	0.003	0.117945	2978.06	1241.66	2	7708	
3	4	1	2	1	3	565	971252	565	973530	0.0106317	0.0230445	0.003	0.100978	1723.06	1706.6	2	7708	
4	5	1	1	2	3	116	304984	116	304984	0.0115384	0.0181097	0.003	0.0750071	2629.17	1973.53	2	7708	
4	5	1	2	1	3	493	782142	497	793053	0.0398852	0.0493542	0.003	0.153065	1595.68	1728.36	2	7708	
5	6	1	1	2	3	69	151754	73	160860	0.0140321	0.028944	0.003	0.122007	2203.56	1742.97	2	6065	
5	6	1	2	1	3	323	516371	323	516371	0.0188557	0.0305169	0.003	0.113039	1598.67	1809.65	2	6517	
6	7	1	1	2	3	116	350454	116	350454	0.00948468	0.0172102	0.003	0.100044	3021.16	2179.42	2	6882	
6	7	1	2	1	3	273	350055	273	350055	0.00622025	0.0119842	0.003	0.0680648	1282.25	1524	2	6514	
7	8	1	1	2	3	188	582275	190	588241	0.0179677	0.0278133	0.003	0.0989822	3096.01	1759.99	2	7708	
7	8	1	2	1	3	424	456337	424	456337	0.0155496	0.0273103	0.003	0.132041	1076.27	1323.5	2	5458	
8	9	1	1	2	3	137	447534	143	461193	0.0196732	0.0268611	0.003	0.125945	3225.13	1896.61	2	7708	
8	9	1	2	1	3	319	516398	321	519862	0.0174277	0.0339252	0.003	0.162042	1619.51	1758.95	2	7708	
9	10	1	1	2	3	195	617971	195	617971	0.0110695	0.0194376	0.003	0.0919449	3169.08	1920.24	2	7708	
9	10	1	2	1	3	301	485571	301	485571	0.00937168	0.0180653	0.003	0.0789997	1613.19	1729.7	2	7708	
10	11	1	1	2	3	159	471863	162	479189	0.00973343	0.0128208	0.003	0.0530444	2957.96	1817.97	2	7708	
10	11	1	2	1	3	276	388532	276	388532	0.0353991	0.0376987	0.003	0.130067	1407.72	1458.38	2	5860	
11	12	1	1	2	3	136	418726	136	418726	0.0171371	0.0285582	0.003	0.127044	3078.87	2146.94	2	9422	
11	12	1	2	1	3	249	292630	249	292630	0.021459	0.0291122	0.003	0.104038	1175.22	1428.83	2	5457	
12	13	1	1	2	3	175	581256	172	572517	0.032171	0.0369165	0.003	0.144995	3328.59	1656.2	2	7708	
12	13	1	2	1	3	295	401626	297	402034	0.0263486	0.0378913	0.003	0.133064	1353.65	1639.26	2	7708	
13	14	1	1	2	3	139	396265	146	417142	0.0151854	0.0207503	0.003	0.0788455	2857.14	1799.13	2	7708	
13	14	1	2	1	3	329	556526	330	558132	0.0248495	0.0411514	0.003	0.175066	1691.31	1706.54	2	6882	
14	15	1	1	2	3	147	403630	157	440250	0.0208161	0.0251417	0.003	0.104956	2804.14	1460.99	2	7708	
14	15	1	2	1	3	423	495450	423	495450	0.0322592	0.057541	0.003	0.269041	1171.28	1358.43	2	6633	
15	16	1	1	2	3	125	398977	124	394428	0.0160882	0.0266626	0.003	0.122945	3180.87	2187.02	2	7708	
15	16	1	2	1	3	362	625043	361	625041	0.00474113	0.00968817	0.003	0.086037	1731.42	1736.44	2	7708	
16	17	1	1	2	3	65	147201	66	151750	0.0179004	0.0315525	0.003	0.128044	2299.24	1804.54	2	6882	
16	17	1	2	1	3	495	789326	497	793124	0.00605908	0.0144847	0.003	0.0970403	1595.82	1604.18	2	6566	
17	18	1	1	2	3	112	285269	112	285269	0.0103122	0.0208656	0.003	0.0939449	2547.04	1860.65	2	7708	
17	18	1	2	1	3	460	838163	460	838163	0.0197133	0.0348373	0.003	0.136066	1822.09	1736.89	2	7708	
18	19	1	1	2	3	156	505206	157	505208	0.00631707	0.00882252	0.003	0.0378704	3217.89	2067.01	2	7708	
18	19	1	2	1	3	374	700475	379	712898	0.0191371	0.0315534	0.003	0.113989	1881	1726.19	2	7708	
19	20	1	1	2	3	247	743437	253	761638	0.00961723	0.0140537	0.003	0.0630444	3010.43	1712.23	2	7708	
19	20	1	2	1	3	322	524090	326	535290	0.012452	0.0206702	0.003	0.103064	1641.99	1523.38	2	6130	
20	21	1	1	2	3	171	532540	175	544678	0.00976823	0.0146421	0.003	0.0690071	3112.45	1859.08	2	7708	
20	21	1	2	1	3	336	648585	336	648585	0.0156579	0.0243248	0.003	0.129066	1930.31	1639.37	2	7708	
21	22	1	1	2	3	144	383367	144	383367	0.0115014	0.0163322	0.003	0.0790418	2662.27	1735.48	2	6882	
21	22	1	2	1	3	416	563036	416	563036	0.0201798	0.0350872	0.003	0.125038	1353.45	1419.22	2	6131	
22	23	1	1	2	3	136	402077	138	408146	0.018649	0.0237445	0.003	0.0959201	2957.58	1745.24	2	7708	
22	23	1	2	1	3	533	820412	529	816171	0.0234353	0.0351402	0.003	0.132066	1542.86	1574.81	2	7708	
23	24	1	1	2	3	97	235203	103	253410	0.0175588	0.0276962	0.003	0.117995	2460.29	1563.53	2	6065	
23	24	1	2	1	3	508	797942	509	797346	0.0389195	0.0647157	0.003	0.221066	1566.5	1619.12	2	7708	
24	25	1	1	2	3	53	113811	53	113811	0.0259937	0.0439177	0.003	0.191044	2147.38	1564.82	2	6065	
24	25	1	2	1	3	483	665667	487	670944	0.059017	0.070131	0.003	0.23304	1377.71	1408.63	2	6129	
25	26	1	1	2	3	47	103185	47	103185	0.0115811	0.0229639	0.003	0.121044	2195.43	2010.87	2	6065	
25	26	1	2	1	3	384	591256	384	591256	0.0129484	0.0246313	0.003	0.122025	1539.73	1607.09	2	6784	
26	27	1	1	2	3	132	320201	132	320201	0.00982094	0.0125995	0.003	0.0470444	2425.77	1623.95	2	7580	
26	27	1	2	1	3	313	450361	312	450137	0.00577843	0.012634	0.003	0.0990382	1442.75	1604.97	2	6348	
27	28	1	1	2	3	93	262466	93	262466	0.00441885	0.00543581	0.003	0.0259514	2822.22	2175.76	2	7708	
27	28	1	2	1	3	358	544994	363	549460	0.024442	0.0329577	0.003	0.0980397	1513.66	1467.86	2	6882	
28	29	1	1	2	3	117	376231	117	376231	0.00699147	0.0119789	0.003	0.0609947	3215.65	2164.01	2	7708	
28	29	1	2	1	3	274	374605	276	378761	0.0103277	0.0207523	0.003	0.0949961	1372.32	1375.76	2	6129	
29	30	1	1	2	3	77	213916	77	213916	0.0199674	0.0310017	0.003	0.122044	2778.13	2111.56	2	6065	
29	30	1	2	1	3	399	545567	399	545567	0.00458757	0.0106695	0.003	0.0910353	1367.34	1603.83	2	7708	
30	31	1	1	2	3	150	491544	152	497613	0.022257	0.0285585	0.003	0.108945	3273.77	1916.25	2	7708	
30	31	1	2	1	3	326	436046	326	436046	0.00609836	0.0123636	0.003	0.0890634	1337.56	1600.76	2	6882	
31	32	1	1	2	3	230	744791	234	748356	0.0234367	0.0271436	0.003	0.104979	3198.1	1856.57	2	7708	
31	32	1	2	1	3	331	482661	335	486974	0.0399618	0.0608396	0.003	0.221066	1453.65	1486.72	2	7004	
32	33	1	1	2	3	163	487830	167	498669	0.0150981	0.02385	0.003	0.0930444	2986.04	1783.33	2	7708	
32	33	1	2	1	3	358	514502	358	514502	0.0256237	0.0378353	0.003	0.155063	1437.16	1357.62	2	6129	
33	34	1	1	2	3	99	298865	99	298865	0.010487	0.016371	0.003	0.0800444	3018.84	2051.22	2	7708	
33	34	1	2	1	3	429	558120	427	556218	0.00423756	0.00862053	0.003	0.0920634	1302.62	1543.4	2	6130	
34	35	1	1	2	3	117	371683	123	389890	0.0108369	0.0230166	0.003	0.108933	3169.84	2266.44	2	7708	
34	35	1	2	1	3	443	689618	446	691522	0.0178914	0.0305375	0.003	0.112059	1550.5	1524.11	2	7708	
35	36	1	1	2	3	64	166893	65	166895	0.00868034	0.0229549	0.003	0.156044	2567.62	2151.58	2	6065	
35	36	1	2	1	3	327	438750	330	439632	0.0227129	0.0367503	0.003	0.134059	1332.22	1384.23	2	5912	
36	37	1	1	2	3	133	418254	133	418254	0.0214826	0.0274133	0.003	0.10099	3144.77	1947.16	2	7708	
36	37	1	2	1	3	378	443797	378	443797	0.0134331	0.0342293	0.003	0.224063	1174.07	1350.57	2	5695	
37	38	1	1	2	3	73	148736	73	148736	0.0128703	0.0182869	0.003	0.0840444	2037.48	1448.8	2	4904	
37	38	1	2	1	3	447	690591	447	690591	0.0584144	0.0757745	0.003	0.269039	1544.95	1553.35	2	5910	
38	39	1	1	2	3	117	318630	117	318630	0.0144706	0.0235373	0.003	0.106993	2723.33	1893	2	7708	
38	39	1	2	1	3	249	330030	253	340554	0.0119371	0.0202017	0.003	0.0890389	1346.06	1540.74	2	6130	
39	40	1	1	2	3	193	575355	193	575355	0.0123102	0.0159429	0.003	0.0559947	2981.11	1563.2	2	7708	
39	40	1	2	1	3	351	568751	359	581318	0.0319569	0.0405633	0.003	0.151037	1619.27	1597.18	2	6566	
40	41	1	1	2	3	203	921254	211	943548	0.0286118	0.0424395	0.003	0.165044	4471.79	2628.04	2	7708	
40	41	1	2	1	3	86	74099	88	74322	0.0693344	0.0506499	0.003	0.169066	844.568	1029.28	2	3578	
