% time	cellId	IMSI	RNTI	sinrLinear	componentCarrierId
0.041	1	2	1	10.2231	0
0.042	1	1	2	11.287	0
0.081	1	2	1	5.94574	0
0.082	1	1	2	12.2237	0
0.121	1	2	1	18.1392	0
0.122	1	1	2	14.8829	0
0.161	1	2	1	9.60695	0
0.162	1	1	2	12.3085	0
0.201	1	2	1	18.978	0
0.202	1	1	2	8.31013	0
0.241	1	2	1	23.8164	0
0.242	1	1	2	15.1004	0
0.281	1	2	1	18.7162	0
0.282	1	1	2	25.521	0
0.321	1	2	1	13.4261	0
0.322	1	1	2	10.2519	0
0.361	1	2	1	19.0035	0
0.362	1	1	2	19.6513	0
0.401	1	2	1	10.7905	0
0.402	1	1	2	31.1125	0
0.441	1	2	1	7.45771	0
0.442	1	1	2	13.345	0
0.481	1	2	1	15.9593	0
0.482	1	1	2	6.24135	0
0.521	1	2	1	28.7427	0
0.522	1	1	2	10.0487	0
0.561	1	2	1	11.8161	0
0.562	1	1	2	10.2913	0
0.601	1	2	1	5.80521	0
0.602	1	1	2	13.8265	0
0.641	1	2	1	17.1618	0
0.642	1	1	2	26.2327	0
0.681	1	2	1	18.7056	0
0.682	1	1	2	7.35989	0
0.721	1	2	1	26.3951	0
0.722	1	1	2	11.616	0
0.761	1	2	1	6.91359	0
0.762	1	1	2	13.8242	0
0.801	1	2	1	14.7347	0
0.802	1	1	2	13.7203	0
0.841	1	2	1	17.3381	0
0.842	1	1	2	7.5161	0
0.881	1	2	1	39.0055	0
0.882	1	1	2	9.3652	0
0.921	1	2	1	17.912	0
0.922	1	1	2	8.74099	0
0.961	1	2	1	9.06485	0
0.962	1	1	2	8.27065	0
1.001	1	2	1	9.7136	0
1.002	1	1	2	10.9533	0
1.041	1	2	1	6.5342	0
1.042	1	1	2	9.75388	0
1.081	1	2	1	27.2394	0
1.082	1	1	2	12.7598	0
1.121	1	2	1	11.459	0
1.122	1	1	2	10.7545	0
1.161	1	2	1	9.87401	0
1.162	1	1	2	17.6625	0
1.201	1	2	1	9.96699	0
1.202	1	1	2	30.2166	0
1.241	1	2	1	12.642	0
1.242	1	1	2	10.0174	0
1.281	1	2	1	9.53675	0
1.282	1	1	2	21.7349	0
1.321	1	2	1	25.3547	0
1.322	1	1	2	17.3691	0
1.361	1	2	1	38.6665	0
1.362	1	1	2	23.5022	0
1.401	1	2	1	12.9809	0
1.402	1	1	2	8.68449	0
1.441	1	2	1	15.2508	0
1.442	1	1	2	5.56932	0
1.481	1	2	1	21.0485	0
1.482	1	1	2	9.86653	0
1.521	1	2	1	7.86339	0
1.522	1	1	2	11.252	0
1.561	1	2	1	8.9388	0
1.562	1	1	2	14.4999	0
1.601	1	2	1	10.5688	0
1.602	1	1	2	8.60569	0
1.641	1	2	1	16.3046	0
1.642	1	1	2	16.8349	0
1.681	1	2	1	14.6511	0
1.682	1	1	2	26.7519	0
1.721	1	2	1	11.3189	0
1.722	1	1	2	12.6821	0
1.761	1	2	1	12.4734	0
1.762	1	1	2	20.226	0
1.801	1	2	1	10.9228	0
1.802	1	1	2	25.0294	0
1.841	1	2	1	15.243	0
1.842	1	1	2	10.4958	0
1.881	1	2	1	9.62138	0
1.882	1	1	2	6.05073	0
1.921	1	2	1	12.5801	0
1.922	1	1	2	18.3097	0
1.961	1	2	1	21.3751	0
1.962	1	1	2	14.9624	0
2.001	1	2	1	38.8043	0
2.002	1	1	2	21.4914	0
2.041	1	2	1	22.9157	0
2.042	1	1	2	10.8017	0
2.081	1	2	1	17.9949	0
2.082	1	1	2	5.65735	0
2.121	1	2	1	16.028	0
2.122	1	1	2	11.9825	0
2.161	1	2	1	12.4266	0
2.162	1	1	2	17.1025	0
2.201	1	2	1	28.0274	0
2.202	1	1	2	11.331	0
2.241	1	2	1	18.6701	0
2.242	1	1	2	16.3041	0
2.281	1	2	1	17.9759	0
2.282	1	1	2	17.5716	0
2.321	1	2	1	27.294	0
2.322	1	1	2	7.32401	0
2.361	1	2	1	5.76891	0
2.362	1	1	2	15.5541	0
2.401	1	2	1	13.1525	0
2.402	1	1	2	4.33101	0
2.441	1	2	1	12.6997	0
2.442	1	1	2	11.5819	0
2.481	1	2	1	12.722	0
2.482	1	1	2	12.2559	0
2.521	1	2	1	21.2032	0
2.522	1	1	2	20.6516	0
2.561	1	2	1	20.3434	0
2.562	1	1	2	15.0995	0
2.601	1	2	1	12.3706	0
2.602	1	1	2	25.4458	0
2.641	1	2	1	8.99506	0
2.642	1	1	2	6.91732	0
2.681	1	2	1	30.593	0
2.682	1	1	2	20.7113	0
2.721	1	2	1	15.0784	0
2.722	1	1	2	15.1188	0
2.761	1	2	1	15.6198	0
2.762	1	1	2	8.28515	0
2.801	1	2	1	4.87529	0
2.802	1	1	2	12.4967	0
2.841	1	2	1	34.5661	0
2.842	1	1	2	9.30577	0
2.881	1	2	1	39.4536	0
2.882	1	1	2	31.739	0
2.921	1	2	1	8.75881	0
2.922	1	1	2	20.7746	0
2.961	1	2	1	19.8699	0
2.962	1	1	2	26.0238	0
3.001	1	2	1	7.93726	0
3.002	1	1	2	6.11112	0
3.041	1	2	1	7.31339	0
3.042	1	1	2	10.1477	0
3.081	1	2	1	8.77499	0
3.082	1	1	2	23.0404	0
3.121	1	2	1	10.7731	0
3.122	1	1	2	8.02089	0
3.161	1	2	1	20.078	0
3.162	1	1	2	6.60155	0
3.201	1	2	1	19.1942	0
3.202	1	1	2	10.4725	0
3.241	1	2	1	7.85436	0
3.242	1	1	2	12.8724	0
3.281	1	2	1	11.9354	0
3.282	1	1	2	10.4306	0
3.321	1	2	1	11.7675	0
3.322	1	1	2	3.9098	0
3.361	1	2	1	15.0037	0
3.362	1	1	2	16.9447	0
3.401	1	2	1	12.5715	0
3.402	1	1	2	10.8307	0
3.441	1	2	1	4.27701	0
3.442	1	1	2	7.86838	0
3.481	1	2	1	9.3108	0
3.482	1	1	2	7.98175	0
3.521	1	2	1	21.9381	0
3.522	1	1	2	6.39201	0
3.561	1	2	1	8.28239	0
3.562	1	1	2	20.0472	0
3.601	1	2	1	16.8052	0
3.602	1	1	2	14.6525	0
3.641	1	2	1	25.2879	0
3.642	1	1	2	8.64037	0
3.681	1	2	1	15.558	0
3.682	1	1	2	13.5009	0
3.721	1	2	1	16.5598	0
3.722	1	1	2	10.0891	0
3.761	1	2	1	6.8601	0
3.762	1	1	2	30.514	0
3.801	1	2	1	32.8852	0
3.802	1	1	2	21.2138	0
3.841	1	2	1	5.15048	0
3.842	1	1	2	26.2915	0
3.881	1	2	1	12.6202	0
3.882	1	1	2	7.5671	0
3.921	1	2	1	9.85161	0
3.922	1	1	2	12.9825	0
3.961	1	2	1	6.01783	0
3.962	1	1	2	9.7008	0
4.001	1	2	1	10.6938	0
4.002	1	1	2	12.1255	0
4.041	1	2	1	10.5678	0
4.042	1	1	2	10.9733	0
4.081	1	2	1	20.0886	0
4.082	1	1	2	6.07194	0
4.121	1	2	1	12.9818	0
4.122	1	1	2	9.14977	0
4.161	1	2	1	11.2532	0
4.162	1	1	2	27.6237	0
4.201	1	2	1	30.2084	0
4.202	1	1	2	13.4577	0
4.241	1	2	1	18.6085	0
4.242	1	1	2	12.2009	0
4.281	1	2	1	6.10923	0
4.282	1	1	2	13.8273	0
4.321	1	2	1	13.7519	0
4.322	1	1	2	23.1401	0
4.361	1	2	1	14.9135	0
4.362	1	1	2	9.30699	0
4.401	1	2	1	38.0826	0
4.402	1	1	2	2.98996	0
4.441	1	2	1	28.5828	0
4.442	1	1	2	7.7496	0
4.481	1	2	1	25.2272	0
4.482	1	1	2	6.53779	0
4.521	1	2	1	9.5291	0
4.522	1	1	2	11.4873	0
4.561	1	2	1	14.5954	0
4.562	1	1	2	12.1664	0
4.601	1	2	1	5.94664	0
4.602	1	1	2	21.792	0
4.641	1	2	1	13.2436	0
4.642	1	1	2	10.2568	0
4.681	1	2	1	30.8841	0
4.682	1	1	2	4.44448	0
4.721	1	2	1	12.4935	0
4.722	1	1	2	7.84074	0
4.761	1	2	1	10.1058	0
4.762	1	1	2	8.22238	0
4.801	1	2	1	9.25471	0
4.802	1	1	2	8.27175	0
4.841	1	2	1	16.7735	0
4.842	1	1	2	12.7428	0
4.881	1	2	1	15.7362	0
4.882	1	1	2	26.8994	0
4.921	1	2	1	12.6666	0
4.922	1	1	2	10.9471	0
4.961	1	2	1	16.675	0
4.962	1	1	2	20.3147	0
5.001	1	2	1	22.7408	0
5.002	1	1	2	4.98301	0
5.041	1	2	1	16.9465	0
5.042	1	1	2	24.2048	0
5.081	1	2	1	7.59075	0
5.082	1	1	2	8.57344	0
5.121	1	2	1	24.8635	0
5.122	1	1	2	18.0609	0
5.161	1	2	1	17.3753	0
5.162	1	1	2	17.1328	0
5.201	1	2	1	18.6672	0
5.202	1	1	2	19.7503	0
5.241	1	2	1	32.0191	0
5.242	1	1	2	23.5335	0
5.281	1	2	1	6.2956	0
5.282	1	1	2	15.6197	0
5.321	1	2	1	13.1454	0
5.322	1	1	2	21.7513	0
5.361	1	2	1	13.6104	0
5.362	1	1	2	11.0207	0
5.401	1	2	1	14.7146	0
5.402	1	1	2	5.84831	0
5.441	1	2	1	9.20048	0
5.442	1	1	2	24.0386	0
5.481	1	2	1	5.51321	0
5.482	1	1	2	19.1661	0
5.521	1	2	1	18.5041	0
5.522	1	1	2	29.022	0
5.561	1	2	1	6.50542	0
5.562	1	1	2	11.5839	0
5.601	1	2	1	15.5625	0
5.602	1	1	2	19.4083	0
5.641	1	2	1	3.70519	0
5.642	1	1	2	8.61704	0
5.681	1	2	1	10.9054	0
5.682	1	1	2	35.6769	0
5.721	1	2	1	16.4004	0
5.722	1	1	2	7.64472	0
5.761	1	2	1	28.9981	0
5.762	1	1	2	6.63892	0
5.801	1	2	1	6.47221	0
5.802	1	1	2	33.6613	0
5.841	1	2	1	17.8479	0
5.842	1	1	2	13.4406	0
5.881	1	2	1	32.0549	0
5.882	1	1	2	45.2012	0
5.921	1	2	1	14.3744	0
5.922	1	1	2	9.19397	0
5.961	1	2	1	15.4672	0
5.962	1	1	2	2.15295	0
6.001	1	2	1	6.7615	0
6.002	1	1	2	6.85623	0
6.041	1	2	1	8.86906	0
6.042	1	1	2	12.3949	0
6.081	1	2	1	9.59673	0
6.082	1	1	2	5.22055	0
6.121	1	2	1	8.35441	0
6.122	1	1	2	11.8084	0
6.161	1	2	1	18.0737	0
6.162	1	1	2	20.2714	0
6.201	1	2	1	44.2183	0
6.202	1	1	2	6.16913	0
6.241	1	2	1	4.86964	0
6.242	1	1	2	5.91619	0
6.281	1	2	1	14.2442	0
6.282	1	1	2	9.6671	0
6.321	1	2	1	12.0482	0
6.322	1	1	2	13.0412	0
6.361	1	2	1	20.204	0
6.362	1	1	2	16.2664	0
6.401	1	2	1	18.7334	0
6.402	1	1	2	18.3508	0
6.441	1	2	1	14.2431	0
6.442	1	1	2	17.9787	0
6.481	1	2	1	10.0745	0
6.482	1	1	2	13.3953	0
6.521	1	2	1	11.3117	0
6.522	1	1	2	12.3173	0
6.561	1	2	1	7.05074	0
6.562	1	1	2	5.68793	0
6.601	1	2	1	13.4648	0
6.602	1	1	2	18.5541	0
6.641	1	2	1	17.8829	0
6.642	1	1	2	34.9173	0
6.681	1	2	1	11.172	0
6.682	1	1	2	18.369	0
6.721	1	2	1	16.0458	0
6.722	1	1	2	8.38488	0
6.761	1	2	1	18.2578	0
6.762	1	1	2	18.036	0
6.801	1	2	1	6.65626	0
6.802	1	1	2	19.1642	0
6.841	1	2	1	16.403	0
6.842	1	1	2	36.9258	0
6.881	1	2	1	4.2063	0
6.882	1	1	2	21.16	0
6.921	1	2	1	10.5131	0
6.922	1	1	2	34.5528	0
6.961	1	2	1	12.7496	0
6.962	1	1	2	5.09788	0
7.001	1	2	1	15.8466	0
7.002	1	1	2	12.8597	0
7.041	1	2	1	16.2051	0
7.042	1	1	2	14.231	0
7.081	1	2	1	32.3112	0
7.082	1	1	2	12.6449	0
7.121	1	2	1	11.762	0
7.122	1	1	2	8.28299	0
7.161	1	2	1	12.3185	0
7.162	1	1	2	15.4026	0
7.201	1	2	1	20.0394	0
7.202	1	1	2	25.8909	0
7.241	1	2	1	11.0758	0
7.242	1	1	2	10.7197	0
7.281	1	2	1	9.16669	0
7.282	1	1	2	19.9978	0
7.321	1	2	1	35.0949	0
7.322	1	1	2	30.2633	0
7.361	1	2	1	17.8233	0
7.362	1	1	2	12.7063	0
7.401	1	2	1	5.35374	0
7.402	1	1	2	5.99855	0
7.441	1	2	1	11.0742	0
7.442	1	1	2	16.5036	0
7.481	1	2	1	18.4391	0
7.482	1	1	2	20.761	0
7.521	1	2	1	8.40731	0
7.522	1	1	2	11.7538	0
7.561	1	2	1	6.43553	0
7.562	1	1	2	14.8087	0
7.601	1	2	1	11.1744	0
7.602	1	1	2	9.96102	0
7.641	1	2	1	20.6346	0
7.642	1	1	2	15.4324	0
7.681	1	2	1	7.53672	0
7.682	1	1	2	3.57268	0
7.721	1	2	1	7.39761	0
7.722	1	1	2	27.795	0
7.761	1	2	1	11.291	0
7.762	1	1	2	8.88283	0
7.801	1	2	1	11.8876	0
7.802	1	1	2	14.0155	0
7.841	1	2	1	10.6721	0
7.842	1	1	2	5.55854	0
7.881	1	2	1	2.98444	0
7.882	1	1	2	17.0036	0
7.921	1	2	1	16.005	0
7.922	1	1	2	14.5205	0
7.961	1	2	1	12.8902	0
7.962	1	1	2	10.2528	0
8.001	1	2	1	16.2949	0
8.002	1	1	2	39.3696	0
8.041	1	2	1	11.8909	0
8.042	1	1	2	9.07499	0
8.081	1	2	1	25.1192	0
8.082	1	1	2	19.4198	0
8.121	1	2	1	23.136	0
8.122	1	1	2	13.7655	0
8.161	1	2	1	26.0161	0
8.162	1	1	2	10.9859	0
8.201	1	2	1	9.54686	0
8.202	1	1	2	13.3316	0
8.241	1	2	1	9.13779	0
8.242	1	1	2	7.75051	0
8.281	1	2	1	10.3468	0
8.282	1	1	2	10.7787	0
8.321	1	2	1	18.2842	0
8.322	1	1	2	18.6517	0
8.361	1	2	1	33.1736	0
8.362	1	1	2	4.14341	0
8.401	1	2	1	18.2934	0
8.402	1	1	2	21.6903	0
8.441	1	2	1	9.64688	0
8.442	1	1	2	8.76797	0
8.481	1	2	1	8.27639	0
8.482	1	1	2	17.465	0
8.521	1	2	1	15.1188	0
8.522	1	1	2	13.5009	0
8.561	1	2	1	8.28515	0
8.562	1	1	2	10.0891	0
8.601	1	2	1	12.4967	0
8.602	1	1	2	30.514	0
8.641	1	2	1	9.30577	0
8.642	1	1	2	21.2138	0
8.681	1	2	1	31.739	0
8.682	1	1	2	26.2915	0
8.721	1	2	1	20.7746	0
8.722	1	1	2	7.5671	0
8.761	1	2	1	26.0238	0
8.762	1	1	2	12.9825	0
8.801	1	2	1	7.01795	0
8.802	1	1	2	9.7008	0
8.841	1	2	1	14.2664	0
8.842	1	1	2	14.1929	0
8.881	1	2	1	10.1359	0
8.882	1	1	2	29.5439	0
8.921	1	2	1	13.1571	0
8.922	1	1	2	19.8721	0
8.961	1	2	1	27.3532	0
8.962	1	1	2	14.8716	0
9.001	1	2	1	28.547	0
9.002	1	1	2	9.89546	0
9.041	1	2	1	6.88542	0
9.042	1	1	2	6.87852	0
9.081	1	2	1	11.2521	0
9.082	1	1	2	16.4321	0
9.121	1	2	1	11.8206	0
9.122	1	1	2	18.4627	0
9.161	1	2	1	7.64887	0
9.162	1	1	2	11.7795	0
9.201	1	2	1	8.63745	0
9.202	1	1	2	13.3327	0
9.241	1	2	1	13.2602	0
9.242	1	1	2	8.09891	0
9.281	1	2	1	14.9698	0
9.282	1	1	2	11.7824	0
9.321	1	2	1	10.4947	0
9.322	1	1	2	7.91985	0
9.361	1	2	1	15.4268	0
9.362	1	1	2	10.8588	0
9.401	1	2	1	12.7209	0
9.402	1	1	2	17.0855	0
9.441	1	2	1	7.98444	0
9.442	1	1	2	30.5358	0
9.481	1	2	1	12.2791	0
9.482	1	1	2	7.96073	0
9.521	1	2	1	4.89062	0
9.522	1	1	2	18.7532	0
9.561	1	2	1	27.5814	0
9.562	1	1	2	9.88223	0
9.601	1	2	1	39.0891	0
9.602	1	1	2	13.0802	0
9.641	1	2	1	10.0914	0
9.642	1	1	2	5.38421	0
9.681	1	2	1	28.8861	0
9.682	1	1	2	26.0393	0
9.721	1	2	1	17.2259	0
9.722	1	1	2	8.33215	0
9.761	1	2	1	6.23724	0
9.762	1	1	2	11.5355	0
9.801	1	2	1	14.2198	0
9.802	1	1	2	7.65555	0
9.841	1	2	1	6.85759	0
9.842	1	1	2	22.6182	0
9.881	1	2	1	11.9321	0
9.882	1	1	2	12.1145	0
9.921	1	2	1	7.65134	0
9.922	1	1	2	10.499	0
9.961	1	2	1	13.2384	0
9.962	1	1	2	12.2523	0
10.001	1	2	1	31.6718	0
10.002	1	1	2	25.5372	0
10.041	1	2	1	19.6868	0
10.042	1	1	2	18.8126	0
10.081	1	2	1	12.8193	0
10.082	1	1	2	15.8129	0
10.121	1	2	1	10.2184	0
10.122	1	1	2	20.8905	0
10.161	1	2	1	8.07868	0
10.162	1	1	2	9.20442	0
10.201	1	2	1	11.5056	0
10.202	1	1	2	46.1939	0
10.241	1	2	1	17.7341	0
10.242	1	1	2	5.85922	0
10.281	1	2	1	7.34079	0
10.282	1	1	2	8.47273	0
10.321	1	2	1	15.186	0
10.322	1	1	2	31.6237	0
10.361	1	2	1	5.18447	0
10.362	1	1	2	17.8933	0
10.401	1	2	1	3.76779	0
10.402	1	1	2	32.8804	0
10.441	1	2	1	16.5624	0
10.442	1	1	2	8.22322	0
10.481	1	2	1	8.02358	0
10.482	1	1	2	3.76845	0
10.521	1	2	1	14.0426	0
10.522	1	1	2	13.4028	0
10.561	1	2	1	21.9573	0
10.562	1	1	2	20.1368	0
10.601	1	2	1	30.1296	0
10.602	1	1	2	10.3628	0
10.641	1	2	1	13.195	0
10.642	1	1	2	8.0387	0
10.681	1	2	1	4.57932	0
10.682	1	1	2	36.9273	0
10.721	1	2	1	7.70861	0
10.722	1	1	2	17.7368	0
10.761	1	2	1	12.6605	0
10.762	1	1	2	5.46137	0
10.801	1	2	1	11.2326	0
10.802	1	1	2	9.6685	0
10.841	1	2	1	16.7949	0
10.842	1	1	2	20.2272	0
10.881	1	2	1	13.7058	0
10.882	1	1	2	38.3386	0
10.921	1	2	1	10.3682	0
10.922	1	1	2	20.2735	0
10.961	1	2	1	11.2355	0
10.962	1	1	2	29.8135	0
11.001	1	2	1	6.73698	0
11.002	1	1	2	20.7814	0
11.041	1	2	1	21.112	0
11.042	1	1	2	7.10626	0
11.081	1	2	1	12.9588	0
11.082	1	1	2	13.3412	0
11.121	1	2	1	10.3675	0
11.122	1	1	2	31.5812	0
11.161	1	2	1	11.7668	0
11.162	1	1	2	18.2952	0
11.201	1	2	1	12.8785	0
11.202	1	1	2	11.3602	0
11.241	1	2	1	13.4799	0
11.242	1	1	2	11.43	0
11.281	1	2	1	16.2456	0
11.282	1	1	2	34.5015	0
11.321	1	2	1	4.6403	0
11.322	1	1	2	17.4945	0
11.361	1	2	1	9.32897	0
11.362	1	1	2	5.32005	0
11.401	1	2	1	12.3502	0
11.402	1	1	2	23.2797	0
11.441	1	2	1	41.7615	0
11.442	1	1	2	9.69245	0
11.481	1	2	1	14.9628	0
11.482	1	1	2	34.0954	0
11.521	1	2	1	11.3753	0
11.522	1	1	2	10.5229	0
11.561	1	2	1	6.69922	0
11.562	1	1	2	28.5687	0
11.601	1	2	1	14.3389	0
11.602	1	1	2	10.0767	0
11.641	1	2	1	22.4489	0
11.642	1	1	2	7.34237	0
11.681	1	2	1	7.85575	0
11.682	1	1	2	9.16719	0
11.721	1	2	1	10.0243	0
11.722	1	1	2	19.0048	0
11.761	1	2	1	16.7671	0
11.762	1	1	2	32.4371	0
11.801	1	2	1	21.6715	0
11.802	1	1	2	8.65933	0
11.841	1	2	1	12.0707	0
11.842	1	1	2	16.5755	0
11.881	1	2	1	11.8816	0
11.882	1	1	2	18.2381	0
11.921	1	2	1	14.4083	0
11.922	1	1	2	11.2664	0
11.961	1	2	1	9.93002	0
11.962	1	1	2	44.9399	0
12.001	1	2	1	23.2992	0
12.002	1	1	2	11.0402	0
12.041	1	2	1	8.13722	0
12.042	1	1	2	20.0838	0
12.081	1	2	1	6.52437	0
12.082	1	1	2	11.8782	0
12.121	1	2	1	10.3346	0
12.122	1	1	2	7.31835	0
12.161	1	2	1	12.9847	0
12.162	1	1	2	6.98568	0
12.201	1	2	1	10.3873	0
12.202	1	1	2	11.5181	0
12.241	1	2	1	4.07578	0
12.242	1	1	2	14.5166	0
12.281	1	2	1	17.0843	0
12.282	1	1	2	8.76046	0
12.321	1	2	1	10.5539	0
12.322	1	1	2	9.62181	0
12.361	1	2	1	7.83994	0
12.362	1	1	2	11.8093	0
12.401	1	2	1	8.05437	0
12.402	1	1	2	9.57619	0
12.441	1	2	1	10.4156	0
12.442	1	1	2	11.0447	0
12.481	1	2	1	19.8591	0
12.482	1	1	2	2.57628	0
12.521	1	2	1	23.3823	0
12.522	1	1	2	15.9787	0
12.561	1	2	1	3.75474	0
12.562	1	1	2	4.31601	0
12.601	1	2	1	10.119	0
12.602	1	1	2	14.1571	0
12.641	1	2	1	27.6852	0
12.642	1	1	2	7.47977	0
12.681	1	2	1	11.1174	0
12.682	1	1	2	11.3841	0
12.721	1	2	1	7.2527	0
12.722	1	1	2	4.76763	0
12.761	1	2	1	8.36221	0
12.762	1	1	2	21.3593	0
12.801	1	2	1	19.9076	0
12.802	1	1	2	25.059	0
12.841	1	2	1	31.4583	0
12.842	1	1	2	6.29342	0
12.881	1	2	1	10.0204	0
12.882	1	1	2	14.3647	0
12.921	1	2	1	16.6494	0
12.922	1	1	2	12.4753	0
12.961	1	2	1	18.9793	0
12.962	1	1	2	5.80064	0
13.001	1	2	1	18.2469	0
13.002	1	1	2	6.144	0
13.041	1	2	1	20.3765	0
13.042	1	1	2	24.5439	0
13.081	1	2	1	15.9265	0
13.082	1	1	2	18.7414	0
13.121	1	2	1	18.7507	0
13.122	1	1	2	29.022	0
13.161	1	2	1	18.768	0
13.162	1	1	2	11.5839	0
13.201	1	2	1	35.6492	0
13.202	1	1	2	19.4083	0
13.241	1	2	1	16.2202	0
13.242	1	1	2	8.61704	0
13.281	1	2	1	16.1941	0
13.282	1	1	2	35.6769	0
13.321	1	2	1	9.07191	0
13.322	1	1	2	7.64472	0
13.361	1	2	1	4.63591	0
13.362	1	1	2	6.63892	0
13.401	1	2	1	7.72799	0
13.402	1	1	2	33.6613	0
13.441	1	2	1	6.82436	0
13.442	1	1	2	13.4406	0
13.481	1	2	1	5.5339	0
13.482	1	1	2	45.2012	0
13.521	1	2	1	21.2009	0
13.522	1	1	2	17.6172	0
13.561	1	2	1	11.3796	0
13.562	1	1	2	6.12539	0
13.601	1	2	1	6.08852	0
13.602	1	1	2	27.3026	0
13.641	1	2	1	13.3898	0
13.642	1	1	2	7.2366	0
13.681	1	2	1	9.6832	0
13.682	1	1	2	10.8932	0
13.721	1	2	1	9.71941	0
13.722	1	1	2	12.9279	0
13.761	1	2	1	14.086	0
13.762	1	1	2	7.59308	0
13.801	1	2	1	24.1712	0
13.802	1	1	2	8.6648	0
13.841	1	2	1	29.1821	0
13.842	1	1	2	13.8779	0
13.881	1	2	1	14.5745	0
13.882	1	1	2	14.3324	0
13.921	1	2	1	15.1479	0
13.922	1	1	2	9.64311	0
13.961	1	2	1	26.2719	0
13.962	1	1	2	16.6793	0
14.001	1	2	1	7.08056	0
14.002	1	1	2	10.5493	0
14.041	1	2	1	6.4814	0
14.042	1	1	2	3.45962	0
14.081	1	2	1	24.6535	0
14.082	1	1	2	16.5341	0
14.121	1	2	1	38.7048	0
14.122	1	1	2	11.6952	0
14.161	1	2	1	13.6525	0
14.162	1	1	2	7.92539	0
14.201	1	2	1	30.3186	0
14.202	1	1	2	7.75249	0
14.241	1	2	1	16.7767	0
14.242	1	1	2	10.319	0
14.281	1	2	1	4.98952	0
14.282	1	1	2	19.4766	0
14.321	1	2	1	14.2094	0
14.322	1	1	2	16.1558	0
14.361	1	2	1	7.07335	0
14.362	1	1	2	6.3661	0
14.401	1	2	1	11.7047	0
14.402	1	1	2	15.837	0
14.441	1	2	1	5.66635	0
14.442	1	1	2	15.6027	0
14.481	1	2	1	17.7493	0
14.482	1	1	2	17.5977	0
14.521	1	2	1	17.7618	0
14.522	1	1	2	19.7468	0
14.561	1	2	1	13.9062	0
14.562	1	1	2	11.1405	0
14.601	1	2	1	12.6775	0
14.602	1	1	2	8.88776	0
14.641	1	2	1	18.3189	0
14.642	1	1	2	14.9736	0
14.681	1	2	1	14.7155	0
14.682	1	1	2	5.90195	0
14.721	1	2	1	17.6513	0
14.722	1	1	2	12.9375	0
14.761	1	2	1	17.6571	0
14.762	1	1	2	31.8447	0
14.801	1	2	1	9.61179	0
14.802	1	1	2	11.7606	0
14.841	1	2	1	14.2927	0
14.842	1	1	2	9.99613	0
14.881	1	2	1	19.2291	0
14.882	1	1	2	9.34997	0
14.921	1	2	1	5.0846	0
14.922	1	1	2	16.8737	0
14.961	1	2	1	17.9003	0
14.962	1	1	2	15.4742	0
15.001	1	2	1	5.65593	0
15.002	1	1	2	5.6876	0
15.041	1	2	1	20.5133	0
15.042	1	1	2	8.3006	0
15.081	1	2	1	37.6079	0
15.082	1	1	2	10.9874	0
15.121	1	2	1	16.7597	0
15.122	1	1	2	8.51366	0
15.161	1	2	1	10.0253	0
15.162	1	1	2	18.962	0
15.201	1	2	1	20.0599	0
15.202	1	1	2	43.0224	0
15.241	1	2	1	17.352	0
15.242	1	1	2	4.05168	0
15.281	1	2	1	37.1368	0
15.282	1	1	2	15.6842	0
15.321	1	2	1	16.3914	0
15.322	1	1	2	11.593	0
15.361	1	2	1	37.2777	0
15.362	1	1	2	20.7302	0
15.401	1	2	1	3.41874	0
15.402	1	1	2	18.7979	0
15.441	1	2	1	25.1149	0
15.442	1	1	2	13.3885	0
15.481	1	2	1	30.7739	0
15.482	1	1	2	9.80397	0
15.521	1	2	1	20.753	0
15.522	1	1	2	24.8225	0
15.561	1	2	1	16.2877	0
15.562	1	1	2	22.0805	0
15.601	1	2	1	36.8122	0
15.602	1	1	2	16.4732	0
15.641	1	2	1	14.2963	0
15.642	1	1	2	14.8232	0
15.681	1	2	1	38.5629	0
15.682	1	1	2	10.0949	0
15.721	1	2	1	2.98364	0
15.722	1	1	2	5.33806	0
15.761	1	2	1	26.5143	0
15.762	1	1	2	18.6403	0
15.801	1	2	1	31.3529	0
15.802	1	1	2	6.77456	0
15.841	1	2	1	19.2228	0
15.842	1	1	2	11.5135	0
15.881	1	2	1	12.1344	0
15.882	1	1	2	35.2448	0
15.921	1	2	1	6.70663	0
15.922	1	1	2	5.56322	0
15.961	1	2	1	8.75667	0
15.962	1	1	2	11.1481	0
16.001	1	2	1	11.3769	0
16.002	1	1	2	14.8635	0
16.041	1	2	1	9.22447	0
16.042	1	1	2	7.43013	0
16.081	1	2	1	9.54373	0
16.082	1	1	2	17.7515	0
16.121	1	2	1	13.3183	0
16.122	1	1	2	11.437	0
16.161	1	2	1	4.18066	0
16.162	1	1	2	10.0749	0
16.201	1	2	1	7.71293	0
16.202	1	1	2	8.75284	0
16.241	1	2	1	17.9323	0
16.242	1	1	2	11.2644	0
16.281	1	2	1	9.91839	0
16.282	1	1	2	10.6001	0
16.321	1	2	1	14.3707	0
16.322	1	1	2	12.7085	0
16.361	1	2	1	14.2776	0
16.362	1	1	2	19.7933	0
16.401	1	2	1	5.02324	0
16.402	1	1	2	18.5642	0
16.441	1	2	1	20.7992	0
16.442	1	1	2	4.32627	0
16.481	1	2	1	10.6604	0
16.482	1	1	2	13.7056	0
16.521	1	2	1	22.2053	0
16.522	1	1	2	8.29316	0
16.561	1	2	1	15.7192	0
16.562	1	1	2	11.8128	0
16.601	1	2	1	12.8964	0
16.602	1	1	2	14.209	0
16.641	1	2	1	10.8353	0
16.642	1	1	2	14.0474	0
16.681	1	2	1	15.0556	0
16.682	1	1	2	18.0771	0
16.721	1	2	1	13.1729	0
16.722	1	1	2	8.14741	0
16.761	1	2	1	19.2275	0
16.762	1	1	2	12.767	0
16.801	1	2	1	7.54082	0
16.802	1	1	2	11.0117	0
16.841	1	2	1	39.6558	0
16.842	1	1	2	17.5571	0
16.881	1	2	1	12.3341	0
16.882	1	1	2	12.3538	0
16.921	1	2	1	8.1538	0
16.922	1	1	2	9.96188	0
16.961	1	2	1	28.5264	0
16.962	1	1	2	30.1435	0
17.001	1	2	1	29.3172	0
17.002	1	1	2	24.0229	0
17.041	1	2	1	6.76232	0
17.042	1	1	2	9.72382	0
17.081	1	2	1	11.555	0
17.082	1	1	2	32.9347	0
17.121	1	2	1	11.1077	0
17.122	1	1	2	25.0543	0
17.161	1	2	1	7.68181	0
17.162	1	1	2	18.6897	0
17.201	1	2	1	8.64142	0
17.202	1	1	2	12.2485	0
17.241	1	2	1	12.8136	0
17.242	1	1	2	10.0791	0
17.281	1	2	1	15.3369	0
17.282	1	1	2	21.2113	0
17.321	1	2	1	11.1424	0
17.322	1	1	2	19.1411	0
17.361	1	2	1	14.6131	0
17.362	1	1	2	13.1126	0
17.401	1	2	1	12.7504	0
17.402	1	1	2	13.055	0
17.441	1	2	1	8.43914	0
17.442	1	1	2	26.8819	0
17.481	1	2	1	12.6683	0
17.482	1	1	2	12.9367	0
17.521	1	2	1	34.175	0
17.522	1	1	2	7.96218	0
17.561	1	2	1	5.10864	0
17.562	1	1	2	15.649	0
17.601	1	2	1	13.7609	0
17.602	1	1	2	4.54256	0
17.641	1	2	1	9.55947	0
17.642	1	1	2	21.3593	0
17.681	1	2	1	6.08642	0
17.682	1	1	2	11.2307	0
17.721	1	2	1	18.1468	0
17.722	1	1	2	10.5453	0
17.761	1	2	1	7.18379	0
17.762	1	1	2	17.6103	0
17.801	1	2	1	17.0433	0
17.802	1	1	2	7.19677	0
17.841	1	2	1	24.5478	0
17.842	1	1	2	9.0018	0
17.881	1	2	1	21.3793	0
17.882	1	1	2	15.4322	0
17.921	1	2	1	16.0068	0
17.922	1	1	2	10.8745	0
17.961	1	2	1	15.9053	0
17.962	1	1	2	7.8782	0
18.001	1	2	1	13.3961	0
18.002	1	1	2	10.522	0
18.041	1	2	1	4.10943	0
18.042	1	1	2	29.1802	0
18.081	1	2	1	8.50019	0
18.082	1	1	2	17.1994	0
18.121	1	2	1	17.3753	0
18.122	1	1	2	6.03635	0
18.161	1	2	1	9.9974	0
18.162	1	1	2	14.2252	0
18.201	1	2	1	13.2631	0
18.202	1	1	2	6.86927	0
18.241	1	2	1	13.0603	0
18.242	1	1	2	11.9105	0
18.281	1	2	1	5.94401	0
18.282	1	1	2	7.30896	0
18.321	1	2	1	20.2518	0
18.322	1	1	2	13.8738	0
18.361	1	2	1	10.6654	0
18.362	1	1	2	28.2577	0
18.401	1	2	1	11.5454	0
18.402	1	1	2	7.12977	0
18.441	1	2	1	14.8415	0
18.442	1	1	2	17.074	0
18.481	1	2	1	19.7155	0
18.482	1	1	2	14.9072	0
18.521	1	2	1	4.72008	0
18.522	1	1	2	10.5186	0
18.561	1	2	1	27.9921	0
18.562	1	1	2	41.2786	0
18.601	1	2	1	39.1402	0
18.602	1	1	2	3.03239	0
18.641	1	2	1	9.68872	0
18.642	1	1	2	29.3147	0
18.681	1	2	1	28.5848	0
18.682	1	1	2	31.2232	0
18.721	1	2	1	17.2327	0
18.722	1	1	2	13.6648	0
18.761	1	2	1	6.44324	0
18.762	1	1	2	11.0388	0
18.801	1	2	1	14.2174	0
18.802	1	1	2	5.99428	0
18.841	1	2	1	6.84804	0
18.842	1	1	2	8.81568	0
18.881	1	2	1	11.9429	0
18.882	1	1	2	26.0998	0
18.921	1	2	1	8.01624	0
18.922	1	1	2	13.647	0
18.961	1	2	1	12.6024	0
18.962	1	1	2	12.0561	0
19.001	1	2	1	12.3123	0
19.002	1	1	2	6.36889	0
19.041	1	2	1	19.4013	0
19.042	1	1	2	16.7762	0
19.081	1	2	1	6.41954	0
19.082	1	1	2	5.98576	0
19.121	1	2	1	16.35	0
19.122	1	1	2	16.1228	0
19.161	1	2	1	3.23226	0
19.162	1	1	2	25.3945	0
19.201	1	2	1	10.9749	0
19.202	1	1	2	23.3259	0
19.241	1	2	1	16.3656	0
19.242	1	1	2	17.0475	0
19.281	1	2	1	28.5239	0
19.282	1	1	2	12.5471	0
19.321	1	2	1	6.37402	0
19.322	1	1	2	10.2735	0
19.361	1	2	1	16.9829	0
19.362	1	1	2	5.38946	0
19.401	1	2	1	33.2	0
19.402	1	1	2	19.5172	0
19.441	1	2	1	13.5782	0
19.442	1	1	2	7.40754	0
19.481	1	2	1	16.0383	0
19.482	1	1	2	11.2376	0
19.521	1	2	1	12.3749	0
19.522	1	1	2	14.887	0
19.561	1	2	1	16.4691	0
19.562	1	1	2	4.43018	0
19.601	1	2	1	10.9019	0
19.602	1	1	2	20.036	0
19.641	1	2	1	14.4193	0
19.642	1	1	2	12.6874	0
19.681	1	2	1	10.7373	0
19.682	1	1	2	10.6653	0
19.721	1	2	1	11.639	0
19.722	1	1	2	18.509	0
19.761	1	2	1	10.7959	0
19.762	1	1	2	7.05263	0
19.801	1	2	1	18.5782	0
19.802	1	1	2	9.07769	0
19.841	1	2	1	18.1116	0
19.842	1	1	2	15.49	0
19.881	1	2	1	13.0733	0
19.882	1	1	2	10.0435	0
19.921	1	2	1	21.6715	0
19.922	1	1	2	7.93547	0
19.961	1	2	1	20.4558	0
19.962	1	1	2	22.7795	0
20.001	1	2	1	33.6443	0
20.002	1	1	2	18.4921	0
20.041	1	2	1	13.4503	0
20.042	1	1	2	10.6465	0
20.081	1	2	1	44.6634	0
20.082	1	1	2	15.4109	0
20.121	1	2	1	9.17907	0
20.122	1	1	2	19.0206	0
20.161	1	2	1	2.21543	0
20.162	1	1	2	5.71997	0
20.201	1	2	1	9.8324	0
20.202	1	1	2	17.45	0
20.241	1	2	1	5.27942	0
20.242	1	1	2	3.89981	0
20.281	1	2	1	20.365	0
20.282	1	1	2	8.63329	0
20.321	1	2	1	14.1692	0
20.322	1	1	2	13.626	0
20.361	1	2	1	15.8624	0
20.362	1	1	2	6.37062	0
20.401	1	2	1	5.45384	0
20.402	1	1	2	19.5586	0
20.441	1	2	1	8.76453	0
20.442	1	1	2	6.73185	0
20.481	1	2	1	15.059	0
20.482	1	1	2	16.3938	0
20.521	1	2	1	6.22073	0
20.522	1	1	2	9.28818	0
20.561	1	2	1	16.0353	0
20.562	1	1	2	11.1971	0
20.601	1	2	1	8.96297	0
20.602	1	1	2	23.9449	0
20.641	1	2	1	32.1532	0
20.642	1	1	2	33.4102	0
20.681	1	2	1	7.39728	0
20.682	1	1	2	14.9388	0
20.721	1	2	1	14.0444	0
20.722	1	1	2	11.3845	0
20.761	1	2	1	7.79999	0
20.762	1	1	2	30.6127	0
20.801	1	2	1	7.91578	0
20.802	1	1	2	13.1224	0
20.841	1	2	1	9.0803	0
20.842	1	1	2	15.4543	0
20.881	1	2	1	10.0566	0
20.882	1	1	2	20.4625	0
20.921	1	2	1	16.351	0
20.922	1	1	2	9.60284	0
20.961	1	2	1	15.5179	0
20.962	1	1	2	6.19748	0
21.001	1	2	1	5.22055	0
21.002	1	1	2	14.0048	0
21.041	1	2	1	11.8084	0
21.042	1	1	2	11.8294	0
21.081	1	2	1	20.2714	0
21.082	1	1	2	22.7689	0
21.121	1	2	1	6.16913	0
21.122	1	1	2	3.17153	0
21.161	1	2	1	5.91619	0
21.162	1	1	2	5.95716	0
21.201	1	2	1	9.6671	0
21.202	1	1	2	7.99061	0
21.241	1	2	1	13.0412	0
21.242	1	1	2	18.8051	0
21.281	1	2	1	16.2664	0
21.282	1	1	2	9.88176	0
21.321	1	2	1	18.3508	0
21.322	1	1	2	24.0898	0
21.361	1	2	1	17.9787	0
21.362	1	1	2	7.53388	0
21.401	1	2	1	13.3953	0
21.402	1	1	2	23.5295	0
21.441	1	2	1	9.91448	0
21.442	1	1	2	4.27632	0
21.481	1	2	1	5.72209	0
21.482	1	1	2	13.912	0
21.521	1	2	1	8.2797	0
21.522	1	1	2	15.4888	0
21.561	1	2	1	4.48303	0
21.562	1	1	2	26.1868	0
21.601	1	2	1	8.44897	0
21.602	1	1	2	25.2288	0
21.641	1	2	1	7.15245	0
21.642	1	1	2	16.3255	0
21.681	1	2	1	17.6614	0
21.682	1	1	2	6.68356	0
21.721	1	2	1	6.2935	0
21.722	1	1	2	13.9128	0
21.761	1	2	1	27.7271	0
21.762	1	1	2	8.43251	0
21.801	1	2	1	7.09802	0
21.802	1	1	2	19.5044	0
21.841	1	2	1	10.999	0
21.842	1	1	2	9.83451	0
21.881	1	2	1	12.5542	0
21.882	1	1	2	9.4592	0
21.921	1	2	1	7.61531	0
21.922	1	1	2	25.487	0
21.961	1	2	1	8.65	0
21.962	1	1	2	9.46381	0
22.001	1	2	1	19.1661	0
22.002	1	1	2	11.5259	0
22.041	1	2	1	43.2639	0
22.042	1	1	2	16.2455	0
22.081	1	2	1	17.5484	0
22.082	1	1	2	12.9254	0
22.121	1	2	1	23.9948	0
22.122	1	1	2	11.5648	0
22.161	1	2	1	17.4866	0
22.162	1	1	2	22.9272	0
22.201	1	2	1	6.48693	0
22.202	1	1	2	3.5064	0
22.241	1	2	1	23.7447	0
22.242	1	1	2	10.5229	0
22.281	1	2	1	16.7762	0
22.282	1	1	2	28.5687	0
22.321	1	2	1	18.5886	0
22.322	1	1	2	10.0767	0
22.361	1	2	1	33.0941	0
22.362	1	1	2	7.34237	0
22.401	1	2	1	6.63601	0
22.402	1	1	2	9.16719	0
22.441	1	2	1	13.1544	0
22.442	1	1	2	19.0048	0
22.481	1	2	1	13.8587	0
22.482	1	1	2	32.4371	0
22.521	1	2	1	14.8276	0
22.522	1	1	2	11.8547	0
22.561	1	2	1	7.73714	0
22.562	1	1	2	26.1377	0
22.601	1	2	1	18.2138	0
22.602	1	1	2	36.6887	0
22.641	1	2	1	16.8614	0
22.642	1	1	2	12.097	0
22.681	1	2	1	17.1145	0
22.682	1	1	2	17.276	0
22.721	1	2	1	6.92448	0
22.722	1	1	2	19.7391	0
22.761	1	2	1	6.31063	0
22.762	1	1	2	8.9759	0
22.801	1	2	1	8.40268	0
22.802	1	1	2	31.0573	0
22.841	1	2	1	8.52731	0
22.842	1	1	2	8.5873	0
22.881	1	2	1	11.5722	0
22.882	1	1	2	44.4532	0
22.921	1	2	1	7.88849	0
22.922	1	1	2	5.84612	0
22.961	1	2	1	12.2843	0
22.962	1	1	2	31.2759	0
23.001	1	2	1	6.07434	0
23.002	1	1	2	8.28333	0
23.041	1	2	1	6.25119	0
23.042	1	1	2	15.362	0
23.081	1	2	1	9.45458	0
23.082	1	1	2	5.88665	0
23.121	1	2	1	11.8707	0
23.122	1	1	2	12.6736	0
23.161	1	2	1	18.1038	0
23.162	1	1	2	32.7038	0
23.201	1	2	1	20.156	0
23.202	1	1	2	11.0148	0
23.241	1	2	1	14.2127	0
23.242	1	1	2	9.92546	0
23.281	1	2	1	11.5942	0
23.282	1	1	2	9.47616	0
23.321	1	2	1	9.15485	0
23.322	1	1	2	16.9478	0
23.361	1	2	1	8.80443	0
23.362	1	1	2	15.1972	0
23.401	1	2	1	13.1872	0
23.402	1	1	2	11.9449	0
23.441	1	2	1	4.23756	0
23.442	1	1	2	18.0485	0
23.481	1	2	1	7.43553	0
23.482	1	1	2	2.88568	0
23.521	1	2	1	13.913	0
23.522	1	1	2	7.63659	0
23.561	1	2	1	13.5152	0
23.562	1	1	2	25.475	0
23.601	1	2	1	6.7615	0
23.602	1	1	2	16.7104	0
23.641	1	2	1	8.86906	0
23.642	1	1	2	8.2249	0
23.681	1	2	1	9.59673	0
23.682	1	1	2	14.0776	0
23.721	1	2	1	8.35441	0
23.722	1	1	2	6.97279	0
23.761	1	2	1	18.0737	0
23.762	1	1	2	11.8543	0
23.801	1	2	1	44.2183	0
23.802	1	1	2	11.5411	0
23.841	1	2	1	4.86964	0
23.842	1	1	2	8.03753	0
23.881	1	2	1	14.2442	0
23.882	1	1	2	27.1834	0
23.921	1	2	1	12.0482	0
23.922	1	1	2	8.06083	0
23.961	1	2	1	20.204	0
23.962	1	1	2	18.2307	0
24.001	1	2	1	6.9301	0
24.002	1	1	2	17.3932	0
24.041	1	2	1	8.4088	0
24.042	1	1	2	24.4993	0
24.081	1	2	1	5.86584	0
24.082	1	1	2	21.4287	0
24.121	1	2	1	8.10422	0
24.122	1	1	2	7.18056	0
24.161	1	2	1	24.5481	0
24.162	1	1	2	10.6548	0
24.201	1	2	1	9.53658	0
24.202	1	1	2	21.9628	0
24.241	1	2	1	6.26141	0
24.242	1	1	2	30.3585	0
24.281	1	2	1	8.9879	0
24.282	1	1	2	34.642	0
24.321	1	2	1	13.6861	0
24.322	1	1	2	26.3328	0
24.361	1	2	1	9.77409	0
24.362	1	1	2	13.8469	0
24.401	1	2	1	5.83848	0
24.402	1	1	2	16.491	0
24.441	1	2	1	18.3678	0
24.442	1	1	2	17.2557	0
24.481	1	2	1	8.34042	0
24.482	1	1	2	29.3817	0
24.521	1	2	1	14.2027	0
24.522	1	1	2	7.18336	0
24.561	1	2	1	7.12472	0
24.562	1	1	2	7.88966	0
24.601	1	2	1	11.6594	0
24.602	1	1	2	20.5167	0
24.641	1	2	1	5.46542	0
24.642	1	1	2	30.7529	0
24.681	1	2	1	18.376	0
24.682	1	1	2	11.0252	0
24.721	1	2	1	26.9658	0
24.722	1	1	2	16.6729	0
24.761	1	2	1	6.52295	0
24.762	1	1	2	19.4109	0
24.801	1	2	1	15.592	0
24.802	1	1	2	10.4955	0
24.841	1	2	1	13.396	0
24.842	1	1	2	46.8678	0
24.881	1	2	1	6.8527	0
24.882	1	1	2	8.98708	0
24.921	1	2	1	17.2463	0
24.922	1	1	2	14.4769	0
24.961	1	2	1	31.3477	0
24.962	1	1	2	28.4573	0
25.001	1	2	1	15.609	0
25.002	1	1	2	20.794	0
25.041	1	2	1	8.55913	0
25.042	1	1	2	16.9418	0
25.081	1	2	1	15.1268	0
25.082	1	1	2	13.2568	0
25.121	1	2	1	17.5424	0
25.122	1	1	2	19.5614	0
25.161	1	2	1	6.04263	0
25.162	1	1	2	22.6478	0
25.201	1	2	1	18.9218	0
25.202	1	1	2	9.86376	0
25.241	1	2	1	10.1619	0
25.242	1	1	2	16.6935	0
25.281	1	2	1	17.6812	0
25.282	1	1	2	9.28339	0
25.321	1	2	1	23.5492	0
25.322	1	1	2	37.2775	0
25.361	1	2	1	15.3217	0
25.362	1	1	2	35.8878	0
25.401	1	2	1	14.5638	0
25.402	1	1	2	16.7053	0
25.441	1	2	1	12.5694	0
25.442	1	1	2	14.4771	0
25.481	1	2	1	13.0798	0
25.482	1	1	2	8.72504	0
25.521	1	2	1	8.59564	0
25.522	1	1	2	19.5508	0
25.561	1	2	1	38.0065	0
25.562	1	1	2	23.0556	0
25.601	1	2	1	6.56881	0
25.602	1	1	2	3.40591	0
25.641	1	2	1	6.45104	0
25.642	1	1	2	13.3032	0
25.681	1	2	1	33.5434	0
25.682	1	1	2	13.7063	0
25.721	1	2	1	13.5661	0
25.722	1	1	2	11.5359	0
25.761	1	2	1	43.4877	0
25.762	1	1	2	3.23722	0
25.801	1	2	1	9.13785	0
25.802	1	1	2	7.92643	0
25.841	1	2	1	2.3571	0
25.842	1	1	2	15.5562	0
25.881	1	2	1	9.86293	0
25.882	1	1	2	9.00762	0
25.921	1	2	1	5.41941	0
25.922	1	1	2	20.7451	0
25.961	1	2	1	19.7538	0
25.962	1	1	2	37.3569	0
26.001	1	2	1	12.4395	0
26.002	1	1	2	14.2949	0
26.041	1	2	1	12.9931	0
26.042	1	1	2	12.6153	0
26.081	1	2	1	23.8821	0
26.082	1	1	2	26.1542	0
26.121	1	2	1	4.49984	0
26.122	1	1	2	35.7865	0
26.161	1	2	1	9.09426	0
26.162	1	1	2	11.9362	0
26.201	1	2	1	25.3793	0
26.202	1	1	2	17.8928	0
26.241	1	2	1	13.923	0
26.242	1	1	2	19.131	0
26.281	1	2	1	6.98475	0
26.282	1	1	2	8.25914	0
26.321	1	2	1	6.93755	0
26.322	1	1	2	30.2519	0
26.361	1	2	1	21.9713	0
26.362	1	1	2	8.81641	0
26.401	1	2	1	28.8517	0
26.402	1	1	2	44.828	0
26.441	1	2	1	13.8184	0
26.442	1	1	2	6.65499	0
26.481	1	2	1	16.5736	0
26.482	1	1	2	31.2402	0
26.521	1	2	1	6.73698	0
26.522	1	1	2	8.31001	0
26.561	1	2	1	21.112	0
26.562	1	1	2	17.7507	0
26.601	1	2	1	12.9588	0
26.602	1	1	2	44.5346	0
26.641	1	2	1	10.3675	0
26.642	1	1	2	5.21106	0
26.681	1	2	1	11.7668	0
26.682	1	1	2	13.7722	0
26.721	1	2	1	12.8785	0
26.722	1	1	2	12.2011	0
26.761	1	2	1	13.4799	0
26.762	1	1	2	20.0134	0
26.801	1	2	1	16.2456	0
26.802	1	1	2	18.6718	0
26.841	1	2	1	4.6403	0
26.842	1	1	2	14.5199	0
26.881	1	2	1	9.32897	0
26.882	1	1	2	10.1806	0
26.921	1	2	1	12.3502	0
26.922	1	1	2	9.20882	0
26.961	1	2	1	41.7615	0
26.962	1	1	2	30.7556	0
27.001	1	2	1	10.2677	0
27.002	1	1	2	14.2099	0
27.041	1	2	1	9.30624	0
27.042	1	1	2	16.1879	0
27.081	1	2	1	11.1906	0
27.082	1	1	2	5.46143	0
27.121	1	2	1	11.2582	0
27.122	1	1	2	35.2522	0
27.161	1	2	1	15.8253	0
27.162	1	1	2	39.1433	0
27.201	1	2	1	11.8645	0
27.202	1	1	2	9.79373	0
27.241	1	2	1	8.43349	0
27.242	1	1	2	18.558	0
27.281	1	2	1	14.6911	0
27.282	1	1	2	13.1348	0
27.321	1	2	1	24.8725	0
27.322	1	1	2	11.3428	0
27.361	1	2	1	9.56094	0
27.362	1	1	2	13.1515	0
27.401	1	2	1	18.9405	0
27.402	1	1	2	7.90634	0
27.441	1	2	1	32.1166	0
27.442	1	1	2	10.5029	0
27.481	1	2	1	14.3439	0
27.482	1	1	2	19.7549	0
27.521	1	2	1	7.63251	0
27.522	1	1	2	12.2444	0
27.561	1	2	1	17.8105	0
27.562	1	1	2	20.6376	0
27.601	1	2	1	11.661	0
27.602	1	1	2	21.0738	0
27.641	1	2	1	9.96403	0
27.642	1	1	2	11.1992	0
27.681	1	2	1	8.63754	0
27.682	1	1	2	5.88988	0
27.721	1	2	1	11.4554	0
27.722	1	1	2	34.6328	0
27.761	1	2	1	10.5177	0
27.762	1	1	2	16.8733	0
27.801	1	2	1	12.6832	0
27.802	1	1	2	13.4731	0
27.841	1	2	1	20.0478	0
27.842	1	1	2	4.00049	0
27.881	1	2	1	18.4004	0
27.882	1	1	2	32.3102	0
27.921	1	2	1	4.18135	0
27.922	1	1	2	39.6909	0
27.961	1	2	1	13.7324	0
27.962	1	1	2	7.44368	0
28.001	1	2	1	12.1362	0
28.002	1	1	2	13.0517	0
28.041	1	2	1	18.2548	0
28.042	1	1	2	22.0976	0
28.081	1	2	1	25.836	0
28.082	1	1	2	12.2152	0
28.121	1	2	1	24.5023	0
28.122	1	1	2	21.4262	0
28.161	1	2	1	12.2249	0
28.162	1	1	2	6.41468	0
28.201	1	2	1	6.16316	0
28.202	1	1	2	18.3408	0
28.241	1	2	1	13.1866	0
28.242	1	1	2	2.48729	0
28.281	1	2	1	21.5535	0
28.282	1	1	2	11.2712	0
28.321	1	2	1	31.3609	0
28.322	1	1	2	16.4709	0
28.361	1	2	1	14.2206	0
28.362	1	1	2	27.1507	0
28.401	1	2	1	5.19697	0
28.402	1	1	2	6.4019	0
28.441	1	2	1	7.37406	0
28.442	1	1	2	14.6193	0
28.481	1	2	1	11.73	0
28.482	1	1	2	35.6053	0
28.521	1	2	1	15.7494	0
28.522	1	1	2	22.091	0
28.561	1	2	1	10.7055	0
28.562	1	1	2	11.8864	0
28.601	1	2	1	13.7862	0
28.602	1	1	2	7.50934	0
28.641	1	2	1	21.8475	0
28.642	1	1	2	7.10111	0
28.681	1	2	1	4.47222	0
28.682	1	1	2	13.4948	0
28.721	1	2	1	8.43006	0
28.722	1	1	2	7.79144	0
28.761	1	2	1	7.27792	0
28.762	1	1	2	9.17975	0
28.801	1	2	1	15.6257	0
28.802	1	1	2	20.1038	0
28.841	1	2	1	8.12397	0
28.842	1	1	2	6.25999	0
28.881	1	2	1	21.8343	0
28.882	1	1	2	6.47346	0
28.921	1	2	1	8.03075	0
28.922	1	1	2	9.33626	0
28.961	1	2	1	23.3495	0
28.962	1	1	2	11.523	0
29.001	1	2	1	11.2231	0
29.002	1	1	2	2.73107	0
29.041	1	2	1	10.387	0
29.042	1	1	2	14.2081	0
29.081	1	2	1	12.97	0
29.082	1	1	2	13.1053	0
29.121	1	2	1	13.2517	0
29.122	1	1	2	10.2438	0
29.161	1	2	1	4.12963	0
29.162	1	1	2	2.46381	0
29.201	1	2	1	8.83143	0
29.202	1	1	2	8.88105	0
29.241	1	2	1	16.8932	0
29.242	1	1	2	18.9611	0
29.281	1	2	1	10.0075	0
29.282	1	1	2	9.0948	0
29.321	1	2	1	12.6257	0
29.322	1	1	2	20.9259	0
29.361	1	2	1	12.522	0
29.362	1	1	2	31.5791	0
29.401	1	2	1	6.5787	0
29.402	1	1	2	5.88969	0
29.441	1	2	1	19.8	0
29.442	1	1	2	22.8295	0
29.481	1	2	1	10.7088	0
29.482	1	1	2	9.02164	0
29.521	1	2	1	10.5868	0
29.522	1	1	2	10.8599	0
29.561	1	2	1	6.53613	0
29.562	1	1	2	19.98	0
29.601	1	2	1	8.10507	0
29.602	1	1	2	19.5149	0
29.641	1	2	1	13.7969	0
29.642	1	1	2	8.4273	0
29.681	1	2	1	9.12998	0
29.682	1	1	2	11.6263	0
29.721	1	2	1	7.17864	0
29.722	1	1	2	11.2693	0
29.761	1	2	1	19.1733	0
29.762	1	1	2	14.3705	0
29.801	1	2	1	7.24434	0
29.802	1	1	2	12.8517	0
29.841	1	2	1	7.0559	0
29.842	1	1	2	4.21163	0
29.881	1	2	1	8.97957	0
29.882	1	1	2	9.18332	0
29.921	1	2	1	10.9553	0
29.922	1	1	2	16.0438	0
29.961	1	2	1	19.8426	0
29.962	1	1	2	10.014	0
30.001	1	2	1	14.5298	0
30.002	1	1	2	12.8164	0
30.041	1	2	1	14.4873	0
30.042	1	1	2	23.8655	0
30.081	1	2	1	4.91734	0
30.082	1	1	2	4.3796	0
30.121	1	2	1	20.8455	0
30.122	1	1	2	9.24445	0
30.161	1	2	1	10.6664	0
30.162	1	1	2	25.7275	0
30.201	1	2	1	13.3934	0
30.202	1	1	2	13.4932	0
30.241	1	2	1	16.4023	0
30.242	1	1	2	7.02652	0
30.281	1	2	1	18.1104	0
30.282	1	1	2	7.104	0
30.321	1	2	1	7.62348	0
30.322	1	1	2	21.6886	0
30.361	1	2	1	9.71506	0
30.362	1	1	2	29.238	0
30.401	1	2	1	26.0058	0
30.402	1	1	2	13.2363	0
30.441	1	2	1	18.2827	0
30.442	1	1	2	16.613	0
30.481	1	2	1	15.3185	0
30.482	1	1	2	20.1238	0
30.521	1	2	1	20.0682	0
30.522	1	1	2	16.9271	0
30.561	1	2	1	15.364	0
30.562	1	1	2	9.92758	0
30.601	1	2	1	11.9107	0
30.602	1	1	2	22.5383	0
30.641	1	2	1	4.35353	0
30.642	1	1	2	2.95152	0
30.681	1	2	1	10.1872	0
30.682	1	1	2	4.96822	0
30.721	1	2	1	5.67103	0
30.722	1	1	2	10.2288	0
30.761	1	2	1	5.66577	0
30.762	1	1	2	21.1453	0
30.801	1	2	1	15.8187	0
30.802	1	1	2	11.3944	0
30.841	1	2	1	8.63786	0
30.842	1	1	2	23.822	0
30.881	1	2	1	15.2166	0
30.882	1	1	2	6.88944	0
30.921	1	2	1	17.5073	0
30.922	1	1	2	21.5785	0
30.961	1	2	1	5.85354	0
30.962	1	1	2	2.64496	0
31.001	1	2	1	32.2931	0
31.002	1	1	2	33.0652	0
31.041	1	2	1	12.0502	0
31.042	1	1	2	11.8778	0
31.081	1	2	1	12.8473	0
31.082	1	1	2	8.5225	0
31.121	1	2	1	20.0781	0
31.122	1	1	2	12.0718	0
31.161	1	2	1	10.6969	0
31.162	1	1	2	8.22737	0
31.201	1	2	1	8.60392	0
31.202	1	1	2	8.55609	0
31.241	1	2	1	36.0677	0
31.242	1	1	2	5.96716	0
31.281	1	2	1	17.7601	0
31.282	1	1	2	9.37654	0
31.321	1	2	1	5.36659	0
31.322	1	1	2	23.9376	0
31.361	1	2	1	10.369	0
31.362	1	1	2	8.54763	0
31.401	1	2	1	19.3329	0
31.402	1	1	2	6.34674	0
31.441	1	2	1	38.2876	0
31.442	1	1	2	9.90026	0
31.481	1	2	1	21.695	0
31.482	1	1	2	13.2888	0
31.521	1	2	1	16.0736	0
31.522	1	1	2	24.5533	0
31.561	1	2	1	14.6435	0
31.562	1	1	2	9.7111	0
31.601	1	2	1	4.31138	0
31.602	1	1	2	6.28397	0
31.641	1	2	1	33.5063	0
31.642	1	1	2	8.83362	0
31.681	1	2	1	39.6648	0
31.682	1	1	2	13.7231	0
31.721	1	2	1	7.82687	0
31.722	1	1	2	9.68326	0
31.761	1	2	1	21.7262	0
31.762	1	1	2	6.05682	0
31.801	1	2	1	15.1679	0
31.802	1	1	2	18.5069	0
31.841	1	2	1	9.99802	0
31.842	1	1	2	8.13555	0
31.881	1	2	1	13.7052	0
31.882	1	1	2	7.37411	0
31.921	1	2	1	7.39158	0
31.922	1	1	2	8.71587	0
31.961	1	2	1	11.3414	0
31.962	1	1	2	10.7351	0
32.001	1	2	1	22.5132	0
32.002	1	1	2	21.4679	0
32.041	1	2	1	9.80056	0
32.042	1	1	2	5.6621	0
32.081	1	2	1	35.181	0
32.082	1	1	2	18.8521	0
32.121	1	2	1	24.5539	0
32.122	1	1	2	10.3159	0
32.161	1	2	1	16.2298	0
32.162	1	1	2	6.9514	0
32.201	1	2	1	13.6305	0
32.202	1	1	2	16.4494	0
32.241	1	2	1	10.5938	0
32.242	1	1	2	18.0809	0
32.281	1	2	1	21.2543	0
32.282	1	1	2	11.7241	0
32.321	1	2	1	19.8964	0
32.322	1	1	2	12.8895	0
32.361	1	2	1	12.74	0
32.362	1	1	2	8.34697	0
32.401	1	2	1	10.5962	0
32.402	1	1	2	11.5029	0
32.441	1	2	1	28.9969	0
32.442	1	1	2	8.4185	0
32.481	1	2	1	14.2099	0
32.482	1	1	2	10.8628	0
32.521	1	2	1	15.3771	0
32.522	1	1	2	9.96819	0
32.561	1	2	1	15.0333	0
32.562	1	1	2	23.2992	0
32.601	1	2	1	24.0069	0
32.602	1	1	2	8.13722	0
32.641	1	2	1	24.4663	0
32.642	1	1	2	6.52437	0
32.681	1	2	1	5.90589	0
32.682	1	1	2	10.3346	0
32.721	1	2	1	19.1039	0
32.722	1	1	2	12.9847	0
32.761	1	2	1	14.317	0
32.762	1	1	2	10.3873	0
32.801	1	2	1	9.4765	0
32.802	1	1	2	4.07578	0
32.841	1	2	1	14.7643	0
32.842	1	1	2	17.0843	0
32.881	1	2	1	10.9839	0
32.882	1	1	2	10.5539	0
32.921	1	2	1	28.5417	0
32.922	1	1	2	7.83994	0
32.961	1	2	1	21.9037	0
32.962	1	1	2	8.05437	0
33.001	1	2	1	20.2703	0
33.002	1	1	2	10.2332	0
33.041	1	2	1	9.90527	0
33.042	1	1	2	7.33089	0
33.081	1	2	1	47.5664	0
33.082	1	1	2	33.5683	0
33.121	1	2	1	7.62895	0
33.122	1	1	2	13.7791	0
33.161	1	2	1	11.7962	0
33.162	1	1	2	47.3723	0
33.201	1	2	1	29.8088	0
33.202	1	1	2	9.2428	0
33.241	1	2	1	22.9909	0
33.242	1	1	2	1.91679	0
33.281	1	2	1	26.2295	0
33.282	1	1	2	9.66489	0
33.321	1	2	1	7.17003	0
33.322	1	1	2	5.1264	0
33.361	1	2	1	4.77197	0
33.362	1	1	2	21.7881	0
33.401	1	2	1	9.38331	0
33.402	1	1	2	12.4013	0
33.441	1	2	1	10.2756	0
33.442	1	1	2	15.9594	0
33.481	1	2	1	10.9867	0
33.482	1	1	2	5.30597	0
33.521	1	2	1	8.07105	0
33.522	1	1	2	14.4178	0
33.561	1	2	1	20.3547	0
33.562	1	1	2	22.9479	0
33.601	1	2	1	11.8716	0
33.602	1	1	2	6.3445	0
33.641	1	2	1	6.2239	0
33.642	1	1	2	15.017	0
33.681	1	2	1	11.8034	0
33.682	1	1	2	14.5652	0
33.721	1	2	1	15.9014	0
33.722	1	1	2	25.039	0
33.761	1	2	1	17.4668	0
33.762	1	1	2	24.2167	0
33.801	1	2	1	22.6309	0
33.802	1	1	2	5.83746	0
33.841	1	2	1	7.0969	0
33.842	1	1	2	18.903	0
33.881	1	2	1	7.93882	0
33.882	1	1	2	14.2891	0
33.921	1	2	1	14.9799	0
33.922	1	1	2	9.68767	0
33.961	1	2	1	12.0476	0
33.962	1	1	2	15.0057	0
34.001	1	2	1	13.5714	0
34.002	1	1	2	18.5856	0
34.041	1	2	1	7.52672	0
34.042	1	1	2	10.6621	0
34.081	1	2	1	11.1387	0
34.082	1	1	2	21.5324	0
34.121	1	2	1	16.9685	0
34.122	1	1	2	18.5357	0
34.161	1	2	1	4.53843	0
34.162	1	1	2	11.6366	0
34.201	1	2	1	23.2406	0
34.202	1	1	2	9.51883	0
34.241	1	2	1	8.66389	0
34.242	1	1	2	7.16957	0
34.281	1	2	1	17.8625	0
34.282	1	1	2	32.7538	0
34.321	1	2	1	17.0322	0
34.322	1	1	2	20.4829	0
34.361	1	2	1	20.8362	0
34.362	1	1	2	21.0958	0
34.401	1	2	1	24.7494	0
34.402	1	1	2	4.72915	0
34.441	1	2	1	14.7839	0
34.442	1	1	2	18.5872	0
34.481	1	2	1	21.5884	0
34.482	1	1	2	17.2866	0
34.521	1	2	1	16.7597	0
34.522	1	1	2	19.538	0
34.561	1	2	1	17.2387	0
34.562	1	1	2	12.9478	0
34.601	1	2	1	7.18741	0
34.602	1	1	2	11.7825	0
34.641	1	2	1	6.17008	0
34.642	1	1	2	27.9295	0
34.681	1	2	1	8.51575	0
34.682	1	1	2	13.5897	0
34.721	1	2	1	8.80274	0
34.722	1	1	2	16.4817	0
34.761	1	2	1	11.4258	0
34.762	1	1	2	5.91923	0
34.801	1	2	1	7.93645	0
34.802	1	1	2	35.6669	0
34.841	1	2	1	12.1483	0
34.842	1	1	2	38.8537	0
34.881	1	2	1	14.8948	0
34.882	1	1	2	10.6245	0
34.921	1	2	1	11.9106	0
34.922	1	1	2	17.7448	0
34.961	1	2	1	14.0458	0
34.962	1	1	2	12.4791	0
35.001	1	2	1	9.41409	0
35.002	1	1	2	20.5911	0
35.041	1	2	1	18.3467	0
35.042	1	1	2	26.6221	0
35.081	1	2	1	22.8305	0
35.082	1	1	2	17.7853	0
35.121	1	2	1	29.0507	0
35.122	1	1	2	12.8162	0
35.161	1	2	1	17.5207	0
35.162	1	1	2	3.293	0
35.201	1	2	1	13.4727	0
35.202	1	1	2	8.82793	0
35.241	1	2	1	17.0788	0
35.242	1	1	2	7.62609	0
35.281	1	2	1	8.54224	0
35.282	1	1	2	12.6191	0
35.321	1	2	1	13.4823	0
35.322	1	1	2	14.3188	0
35.361	1	2	1	11.4481	0
35.362	1	1	2	24.1461	0
35.401	1	2	1	10.9523	0
35.402	1	1	2	24.4266	0
35.441	1	2	1	16.1895	0
35.442	1	1	2	15.5525	0
35.481	1	2	1	9.50778	0
35.482	1	1	2	7.08515	0
35.521	1	2	1	8.08428	0
35.522	1	1	2	13.4003	0
35.561	1	2	1	14.1563	0
35.562	1	1	2	4.14007	0
35.601	1	2	1	13.5256	0
35.602	1	1	2	7.98655	0
35.641	1	2	1	14.9527	0
35.642	1	1	2	17.8139	0
35.681	1	2	1	10.9464	0
35.682	1	1	2	9.95555	0
35.721	1	2	1	19.5508	0
35.722	1	1	2	14.0309	0
35.761	1	2	1	23.0556	0
35.762	1	1	2	13.8626	0
35.801	1	2	1	3.40591	0
35.802	1	1	2	5.27488	0
35.841	1	2	1	13.3032	0
35.842	1	1	2	20.6685	0
35.881	1	2	1	13.7063	0
35.882	1	1	2	10.656	0
35.921	1	2	1	11.5359	0
35.922	1	1	2	12.5865	0
35.961	1	2	1	3.23722	0
35.962	1	1	2	15.6373	0
36.001	1	2	1	5.6876	0
36.002	1	1	2	2.88456	0
36.041	1	2	1	8.3006	0
36.042	1	1	2	8.16357	0
36.081	1	2	1	10.9874	0
36.082	1	1	2	6.39802	0
36.121	1	2	1	8.51366	0
36.122	1	1	2	16.8467	0
36.161	1	2	1	18.962	0
36.162	1	1	2	8.2707	0
36.201	1	2	1	43.0224	0
36.202	1	1	2	31.4467	0
36.241	1	2	1	4.05168	0
36.242	1	1	2	6.94843	0
36.281	1	2	1	15.6842	0
36.282	1	1	2	12.9964	0
36.321	1	2	1	11.593	0
36.322	1	1	2	8.85624	0
36.361	1	2	1	20.7302	0
36.362	1	1	2	7.81558	0
36.401	1	2	1	18.7979	0
36.402	1	1	2	8.82682	0
36.441	1	2	1	13.3885	0
36.442	1	1	2	11.0835	0
36.481	1	2	1	9.80397	0
36.482	1	1	2	16.1931	0
36.521	1	2	1	19.6755	0
36.522	1	1	2	8.12243	0
36.561	1	2	1	16.4912	0
36.562	1	1	2	8.74809	0
36.601	1	2	1	10.2112	0
36.602	1	1	2	19.9381	0
36.641	1	2	1	9.13458	0
36.642	1	1	2	6.41004	0
36.681	1	2	1	19.3261	0
36.682	1	1	2	6.5954	0
36.721	1	2	1	15.8095	0
36.722	1	1	2	9.26882	0
36.761	1	2	1	18.0871	0
36.762	1	1	2	11.3741	0
36.801	1	2	1	7.5549	0
36.802	1	1	2	19.0654	0
36.841	1	2	1	40.5984	0
36.842	1	1	2	20.3382	0
36.881	1	2	1	13.5103	0
36.882	1	1	2	11.7117	0
36.921	1	2	1	7.12782	0
36.922	1	1	2	11.1314	0
36.961	1	2	1	28.6308	0
36.962	1	1	2	9.57788	0
37.001	1	2	1	11.4628	0
37.002	1	1	2	34.1835	0
37.041	1	2	1	7.55047	0
37.042	1	1	2	19.2399	0
37.081	1	2	1	15.4888	0
37.082	1	1	2	13.8894	0
37.121	1	2	1	26.1868	0
37.122	1	1	2	7.46453	0
37.161	1	2	1	25.2288	0
37.162	1	1	2	13.3816	0
37.201	1	2	1	16.3255	0
37.202	1	1	2	10.965	0
37.241	1	2	1	6.68356	0
37.242	1	1	2	9.36563	0
37.281	1	2	1	13.9128	0
37.282	1	1	2	7.33637	0
37.321	1	2	1	8.43251	0
37.322	1	1	2	26.6675	0
37.361	1	2	1	19.5044	0
37.362	1	1	2	9.1014	0
37.401	1	2	1	9.83451	0
37.402	1	1	2	11.5245	0
37.441	1	2	1	9.4592	0
37.442	1	1	2	9.57095	0
37.481	1	2	1	25.487	0
37.482	1	1	2	13.4066	0
37.521	1	2	1	8.29844	0
37.522	1	1	2	18.3904	0
37.561	1	2	1	22.3922	0
37.562	1	1	2	34.0223	0
37.601	1	2	1	9.2104	0
37.602	1	1	2	7.03805	0
37.641	1	2	1	10.3842	0
37.642	1	1	2	13.1655	0
37.681	1	2	1	11.9003	0
37.682	1	1	2	14.0942	0
37.721	1	2	1	25.8627	0
37.722	1	1	2	16.0643	0
37.761	1	2	1	8.77457	0
37.762	1	1	2	8.43018	0
37.801	1	2	1	11.2242	0
37.802	1	1	2	4.67671	0
37.841	1	2	1	13.5286	0
37.842	1	1	2	8.45788	0
37.881	1	2	1	13.9659	0
37.882	1	1	2	7.22726	0
37.921	1	2	1	9.07081	0
37.922	1	1	2	17.6172	0
37.961	1	2	1	10.6158	0
37.962	1	1	2	6.12539	0
38.001	1	2	1	15.784	0
38.002	1	1	2	21.8623	0
38.041	1	2	1	10.8106	0
38.042	1	1	2	3.67556	0
38.081	1	2	1	13.0923	0
38.082	1	1	2	5.00859	0
38.121	1	2	1	11.6509	0
38.122	1	1	2	12.4297	0
38.161	1	2	1	13.741	0
38.162	1	1	2	22.0362	0
38.201	1	2	1	11.2576	0
38.202	1	1	2	12.1076	0
38.241	1	2	1	11.0579	0
38.242	1	1	2	22.1159	0
38.281	1	2	1	18.5959	0
38.282	1	1	2	6.47883	0
38.321	1	2	1	10.1312	0
38.322	1	1	2	19.1253	0
38.361	1	2	1	6.0819	0
38.362	1	1	2	2.36223	0
38.401	1	2	1	8.0424	0
38.402	1	1	2	11.4442	0
38.441	1	2	1	10.7817	0
38.442	1	1	2	16.6057	0
38.481	1	2	1	5.66334	0
38.482	1	1	2	26.5393	0
38.521	1	2	1	6.034	0
38.522	1	1	2	3.267	0
38.561	1	2	1	8.17344	0
38.562	1	1	2	27.8638	0
38.601	1	2	1	15.1111	0
38.602	1	1	2	9.34138	0
38.641	1	2	1	7.96498	0
38.642	1	1	2	15.2666	0
38.681	1	2	1	12.8012	0
38.682	1	1	2	5.57763	0
38.721	1	2	1	21.0508	0
38.722	1	1	2	14.4775	0
38.761	1	2	1	11.1748	0
38.762	1	1	2	15.1265	0
38.801	1	2	1	6.38866	0
38.802	1	1	2	10.3156	0
38.841	1	2	1	13.3324	0
38.842	1	1	2	9.95291	0
38.881	1	2	1	9.73856	0
38.882	1	1	2	9.84892	0
38.921	1	2	1	9.73019	0
38.922	1	1	2	14.9909	0
38.961	1	2	1	14.4239	0
38.962	1	1	2	20.9126	0
39.001	1	2	1	12.6476	0
39.002	1	1	2	21.7781	0
39.041	1	2	1	4.72094	0
39.042	1	1	2	5.70179	0
39.081	1	2	1	7.95417	0
39.082	1	1	2	18.2399	0
39.121	1	2	1	12.4727	0
39.122	1	1	2	12.5866	0
39.161	1	2	1	8.6931	0
39.162	1	1	2	39.1236	0
39.201	1	2	1	19.7213	0
39.202	1	1	2	21.5011	0
39.241	1	2	1	41.4481	0
39.242	1	1	2	10.9254	0
39.281	1	2	1	3.56947	0
39.282	1	1	2	18.9168	0
39.321	1	2	1	17.1413	0
39.322	1	1	2	12.2444	0
39.361	1	2	1	11.133	0
39.362	1	1	2	20.6376	0
39.401	1	2	1	21.177	0
39.402	1	1	2	21.0738	0
39.441	1	2	1	18.7279	0
39.442	1	1	2	11.1992	0
39.481	1	2	1	12.5082	0
39.482	1	1	2	5.88988	0
39.521	1	2	1	26.664	0
39.522	1	1	2	4.52625	0
39.561	1	2	1	22.568	0
39.562	1	1	2	17.7899	0
39.601	1	2	1	26.2338	0
39.602	1	1	2	8.97018	0
39.641	1	2	1	8.99246	0
39.642	1	1	2	16.1355	0
39.681	1	2	1	10.0548	0
39.682	1	1	2	15.2683	0
39.721	1	2	1	9.92935	0
39.722	1	1	2	24.9642	0
39.761	1	2	1	17.2266	0
39.762	1	1	2	31.2293	0
39.801	1	2	1	32.7522	0
39.802	1	1	2	12.1826	0
39.841	1	2	1	19.0346	0
39.842	1	1	2	19.9901	0
39.881	1	2	1	11.0147	0
39.882	1	1	2	16.0766	0
39.921	1	2	1	9.00818	0
39.922	1	1	2	6.10689	0
39.961	1	2	1	8.42377	0
39.962	1	1	2	27.2549	0
40.001	1	2	1	14.7606	0
40.002	1	1	2	17.9608	0
40.041	1	2	1	29.7486	0
40.042	1	1	2	22.6496	0
40.081	1	2	1	5.32739	0
40.082	1	1	2	13.4729	0
40.121	1	2	1	6.83032	0
40.122	1	1	2	12.7821	0
40.161	1	2	1	21.7745	0
40.162	1	1	2	12.4831	0
40.201	1	2	1	15.603	0
40.202	1	1	2	9.69471	0
40.241	1	2	1	33.828	0
40.242	1	1	2	16.5828	0
40.281	1	2	1	7.69474	0
40.282	1	1	2	3.21651	0
40.321	1	2	1	17.4629	0
40.322	1	1	2	27.751	0
40.361	1	2	1	9.54632	0
40.362	1	1	2	9.59325	0
40.401	1	2	1	26.1582	0
40.402	1	1	2	15.92	0
40.441	1	2	1	15.3926	0
40.442	1	1	2	5.78609	0
40.481	1	2	1	8.80212	0
40.482	1	1	2	13.2162	0
40.521	1	2	1	25.0619	0
40.522	1	1	2	14.9935	0
40.561	1	2	1	6.17082	0
40.562	1	1	2	32.646	0
40.601	1	2	1	19.6792	0
40.602	1	1	2	17.5736	0
40.641	1	2	1	14.4832	0
40.642	1	1	2	9.91752	0
40.681	1	2	1	8.92633	0
40.682	1	1	2	12.4714	0
40.721	1	2	1	14.01	0
40.722	1	1	2	32.0407	0
40.761	1	2	1	10.4656	0
40.762	1	1	2	18.6013	0
40.801	1	2	1	29.7802	0
40.802	1	1	2	5.29084	0
40.841	1	2	1	21.465	0
40.842	1	1	2	21.7349	0
40.881	1	2	1	26.3586	0
40.882	1	1	2	10.0432	0
40.921	1	2	1	7.85872	0
40.922	1	1	2	36.1653	0
40.961	1	2	1	12.324	0
40.962	1	1	2	24.1563	0
