% time	cellId	IMSI	RNTI	sinrLinear	componentCarrierId
0.041	1	2	1	54.6912	0
0.042	1	1	2	60.3828	0
0.081	1	2	1	31.8083	0
0.082	1	1	2	65.3939	0
0.121	1	2	1	97.0404	0
0.122	1	1	2	79.62	0
0.161	1	2	1	51.395	0
0.162	1	1	2	65.8475	0
0.201	1	2	1	101.528	0
0.202	1	1	2	44.4572	0
0.241	1	2	1	127.412	0
0.242	1	1	2	80.7834	0
0.281	1	2	1	100.127	0
0.282	1	1	2	136.531	0
0.321	1	2	1	71.8265	0
0.322	1	1	2	54.8455	0
0.361	1	2	1	101.664	0
0.362	1	1	2	105.13	0
0.401	1	2	1	57.7267	0
0.402	1	1	2	166.445	0
0.441	1	2	1	39.897	0
0.442	1	1	2	71.3926	0
0.481	1	2	1	85.3786	0
0.482	1	1	2	33.3898	0
0.521	1	2	1	153.767	0
0.522	1	1	2	53.7581	0
0.561	1	2	1	63.2132	0
0.562	1	1	2	55.0561	0
0.601	1	2	1	31.0565	0
0.602	1	1	2	73.9686	0
0.641	1	2	1	91.8119	0
0.642	1	1	2	140.339	0
0.681	1	2	1	100.071	0
0.682	1	1	2	39.3737	0
0.721	1	2	1	141.208	0
0.722	1	1	2	62.143	0
0.761	1	2	1	36.9861	0
0.762	1	1	2	73.9565	0
0.801	1	2	1	78.8275	0
0.802	1	1	2	73.4002	0
0.841	1	2	1	92.7546	0
0.842	1	1	2	40.2094	0
0.881	1	2	1	208.671	0
0.882	1	1	2	50.1017	0
0.921	1	2	1	95.8248	0
0.922	1	1	2	46.7623	0
0.961	1	2	1	48.4948	0
0.962	1	1	2	44.2461	0
1.001	1	2	1	51.9655	0
1.002	1	1	2	58.5978	0
1.041	1	2	1	34.9564	0
1.042	1	1	2	52.181	0
1.081	1	2	1	145.725	0
1.082	1	1	2	68.2621	0
1.121	1	2	1	61.3027	0
1.122	1	1	2	57.5342	0
1.161	1	2	1	52.8236	0
1.162	1	1	2	94.4903	0
1.201	1	2	1	53.3211	0
1.202	1	1	2	161.652	0
1.241	1	2	1	67.6318	0
1.242	1	1	2	53.5906	0
1.281	1	2	1	51.0194	0
1.282	1	1	2	116.277	0
1.321	1	2	1	135.642	0
1.322	1	1	2	92.9209	0
1.361	1	2	1	206.857	0
1.362	1	1	2	125.731	0
1.401	1	2	1	69.4448	0
1.402	1	1	2	46.46	0
1.441	1	2	1	81.5882	0
1.442	1	1	2	29.7946	0
1.481	1	2	1	112.605	0
1.482	1	1	2	52.7837	0
1.521	1	2	1	42.0673	0
1.522	1	1	2	60.1956	0
1.561	1	2	1	47.8205	0
1.562	1	1	2	77.5714	0
1.601	1	2	1	56.5406	0
1.602	1	1	2	46.0385	0
1.641	1	2	1	87.2259	0
1.642	1	1	2	90.063	0
1.681	1	2	1	78.38	0
1.682	1	1	2	143.116	0
1.721	1	2	1	60.5533	0
1.722	1	1	2	67.8461	0
1.761	1	2	1	66.7299	0
1.762	1	1	2	108.204	0
1.801	1	2	1	58.4343	0
1.802	1	1	2	133.902	0
1.841	1	2	1	81.5463	0
1.842	1	1	2	56.1502	0
1.881	1	2	1	51.4722	0
1.882	1	1	2	32.37	0
1.921	1	2	1	67.3007	0
1.922	1	1	2	97.9528	0
1.961	1	2	1	114.352	0
1.962	1	1	2	80.0456	0
2.001	1	2	1	207.594	0
2.002	1	1	2	114.974	0
2.041	1	2	1	122.594	0
2.042	1	1	2	57.7867	0
2.081	1	2	1	96.2687	0
2.082	1	1	2	30.2655	0
2.121	1	2	1	85.7461	0
2.122	1	1	2	64.1035	0
2.161	1	2	1	66.4794	0
2.162	1	1	2	91.4945	0
2.201	1	2	1	149.94	0
2.202	1	1	2	60.6184	0
2.241	1	2	1	99.8806	0
2.242	1	1	2	87.2232	0
2.281	1	2	1	96.1667	0
2.282	1	1	2	94.0039	0
2.321	1	2	1	146.016	0
2.322	1	1	2	39.1818	0
2.361	1	2	1	30.8623	0
2.362	1	1	2	83.211	0
2.401	1	2	1	70.3626	0
2.402	1	1	2	23.1699	0
2.441	1	2	1	67.9406	0
2.442	1	1	2	61.9606	0
2.481	1	2	1	68.0599	0
2.482	1	1	2	65.566	0
2.521	1	2	1	113.432	0
2.522	1	1	2	110.482	0
2.561	1	2	1	108.833	0
2.562	1	1	2	80.779	0
2.601	1	2	1	66.1798	0
2.602	1	1	2	136.129	0
2.641	1	2	1	48.1215	0
2.642	1	1	2	37.0061	0
2.681	1	2	1	163.665	0
2.682	1	1	2	110.8	0
2.721	1	2	1	80.6661	0
2.722	1	1	2	80.8823	0
2.761	1	2	1	83.5623	0
2.762	1	1	2	44.3236	0
2.801	1	2	1	26.0816	0
2.802	1	1	2	66.8542	0
2.841	1	2	1	184.921	0
2.842	1	1	2	49.7837	0
2.881	1	2	1	211.068	0
2.882	1	1	2	169.796	0
2.921	1	2	1	46.8576	0
2.922	1	1	2	111.14	0
2.961	1	2	1	106.3	0
2.962	1	1	2	139.222	0
3.001	1	2	1	42.4625	0
3.002	1	1	2	32.6931	0
3.041	1	2	1	39.1249	0
3.042	1	1	2	54.2879	0
3.081	1	2	1	46.9442	0
3.082	1	1	2	123.261	0
3.121	1	2	1	57.6336	0
3.122	1	1	2	42.9099	0
3.161	1	2	1	107.413	0
3.162	1	1	2	35.3168	0
3.201	1	2	1	102.685	0
3.202	1	1	2	56.0256	0
3.241	1	2	1	42.019	0
3.242	1	1	2	68.8646	0
3.281	1	2	1	63.8515	0
3.282	1	1	2	55.8014	0
3.321	1	2	1	62.9534	0
3.322	1	1	2	20.9165	0
3.361	1	2	1	80.2665	0
3.362	1	1	2	90.6501	0
3.401	1	2	1	67.2544	0
3.402	1	1	2	57.9419	0
3.441	1	2	1	22.881	0
3.442	1	1	2	42.094	0
3.481	1	2	1	49.8106	0
3.482	1	1	2	42.7005	0
3.521	1	2	1	117.364	0
3.522	1	1	2	34.1958	0
3.561	1	2	1	44.3089	0
3.562	1	1	2	107.248	0
3.601	1	2	1	89.904	0
3.602	1	1	2	78.3876	0
3.641	1	2	1	135.284	0
3.642	1	1	2	46.224	0
3.681	1	2	1	83.2318	0
3.682	1	1	2	72.2268	0
3.721	1	2	1	88.5911	0
3.722	1	1	2	53.9744	0
3.761	1	2	1	36.7	0
3.762	1	1	2	163.243	0
3.801	1	2	1	175.928	0
3.802	1	1	2	113.489	0
3.841	1	2	1	27.5539	0
3.842	1	1	2	140.653	0
3.881	1	2	1	67.5149	0
3.882	1	1	2	40.4823	0
3.921	1	2	1	52.7038	0
3.922	1	1	2	69.4532	0
3.961	1	2	1	32.194	0
3.962	1	1	2	51.8971	0
4.001	1	2	1	57.2094	0
4.002	1	1	2	64.8688	0
4.041	1	2	1	56.5352	0
4.042	1	1	2	58.7048	0
4.081	1	2	1	107.469	0
4.082	1	1	2	32.4835	0
4.121	1	2	1	69.4498	0
4.122	1	1	2	48.9492	0
4.161	1	2	1	60.2022	0
4.162	1	1	2	147.78	0
4.201	1	2	1	161.608	0
4.202	1	1	2	71.9956	0
4.241	1	2	1	99.5514	0
4.242	1	1	2	65.2721	0
4.281	1	2	1	32.683	0
4.282	1	1	2	73.9726	0
4.321	1	2	1	73.5695	0
4.322	1	1	2	123.794	0
4.361	1	2	1	79.7837	0
4.362	1	1	2	49.7902	0
4.401	1	2	1	203.733	0
4.402	1	1	2	15.9956	0
4.441	1	2	1	152.912	0
4.442	1	1	2	41.4586	0
4.481	1	2	1	134.96	0
4.482	1	1	2	34.9757	0
4.521	1	2	1	50.9785	0
4.522	1	1	2	61.4546	0
4.561	1	2	1	78.0821	0
4.562	1	1	2	65.0872	0
4.601	1	2	1	31.8132	0
4.602	1	1	2	116.582	0
4.641	1	2	1	70.8502	0
4.642	1	1	2	54.8717	0
4.681	1	2	1	165.223	0
4.682	1	1	2	23.777	0
4.721	1	2	1	66.8372	0
4.722	1	1	2	41.9462	0
4.761	1	2	1	54.0639	0
4.762	1	1	2	43.9878	0
4.801	1	2	1	49.5105	0
4.802	1	1	2	44.252	0
4.841	1	2	1	89.7341	0
4.842	1	1	2	68.1708	0
4.881	1	2	1	84.185	0
4.882	1	1	2	143.906	0
4.921	1	2	1	67.7636	0
4.922	1	1	2	58.5645	0
4.961	1	2	1	89.2072	0
4.962	1	1	2	108.679	0
5.001	1	2	1	121.658	0
5.002	1	1	2	26.658	0
5.041	1	2	1	90.66	0
5.042	1	1	2	129.49	0
5.081	1	2	1	40.6088	0
5.082	1	1	2	45.8659	0
5.121	1	2	1	133.014	0
5.122	1	1	2	96.6216	0
5.161	1	2	1	92.9538	0
5.162	1	1	2	91.6568	0
5.201	1	2	1	99.865	0
5.202	1	1	2	105.66	0
5.241	1	2	1	171.295	0
5.242	1	1	2	125.899	0
5.281	1	2	1	33.68	0
5.282	1	1	2	83.5619	0
5.321	1	2	1	70.3247	0
5.322	1	1	2	116.365	0
5.361	1	2	1	72.8125	0
5.362	1	1	2	58.9583	0
5.401	1	2	1	78.7199	0
5.402	1	1	2	31.2871	0
5.441	1	2	1	49.2204	0
5.442	1	1	2	128.601	0
5.481	1	2	1	29.4944	0
5.482	1	1	2	102.534	0
5.521	1	2	1	98.9927	0
5.522	1	1	2	155.261	0
5.561	1	2	1	34.8025	0
5.562	1	1	2	61.9713	0
5.601	1	2	1	83.256	0
5.602	1	1	2	103.83	0
5.641	1	2	1	19.8219	0
5.642	1	1	2	46.0991	0
5.681	1	2	1	58.3413	0
5.682	1	1	2	190.863	0
5.721	1	2	1	87.7384	0
5.722	1	1	2	40.8975	0
5.761	1	2	1	155.133	0
5.762	1	1	2	35.5167	0
5.801	1	2	1	34.6248	0
5.802	1	1	2	180.08	0
5.841	1	2	1	95.4821	0
5.842	1	1	2	71.9042	0
5.881	1	2	1	171.486	0
5.882	1	1	2	241.816	0
5.921	1	2	1	76.8996	0
5.922	1	1	2	49.1856	0
5.961	1	2	1	82.7461	0
5.962	1	1	2	11.5178	0
6.001	1	2	1	36.1725	0
6.002	1	1	2	36.6792	0
6.041	1	2	1	47.4474	0
6.042	1	1	2	66.3101	0
6.081	1	2	1	51.3403	0
6.082	1	1	2	27.9287	0
6.121	1	2	1	44.6941	0
6.122	1	1	2	63.1722	0
6.161	1	2	1	96.6899	0
6.162	1	1	2	108.447	0
6.201	1	2	1	236.558	0
6.202	1	1	2	33.0034	0
6.241	1	2	1	26.0515	0
6.242	1	1	2	31.6503	0
6.281	1	2	1	76.2031	0
6.282	1	1	2	51.7168	0
6.321	1	2	1	64.4551	0
6.322	1	1	2	69.7674	0
6.361	1	2	1	108.087	0
6.362	1	1	2	87.0216	0
6.401	1	2	1	100.219	0
6.402	1	1	2	98.1728	0
6.441	1	2	1	76.1973	0
6.442	1	1	2	96.1818	0
6.481	1	2	1	53.8961	0
6.482	1	1	2	71.6617	0
6.521	1	2	1	60.5147	0
6.522	1	1	2	65.8945	0
6.561	1	2	1	37.7198	0
6.562	1	1	2	30.4291	0
6.601	1	2	1	72.0336	0
6.602	1	1	2	99.2604	0
6.641	1	2	1	95.6696	0
6.642	1	1	2	186.8	0
6.681	1	2	1	59.7678	0
6.682	1	1	2	98.2697	0
6.721	1	2	1	85.8412	0
6.722	1	1	2	44.8572	0
6.761	1	2	1	97.6747	0
6.762	1	1	2	96.4883	0
6.801	1	2	1	35.6094	0
6.802	1	1	2	102.524	0
6.841	1	2	1	87.7522	0
6.842	1	1	2	197.544	0
6.881	1	2	1	22.5027	0
6.882	1	1	2	113.201	0
6.921	1	2	1	56.2427	0
6.922	1	1	2	184.85	0
6.961	1	2	1	68.2074	0
6.962	1	1	2	27.2725	0
7.001	1	2	1	84.7755	0
7.002	1	1	2	68.7964	0
7.041	1	2	1	86.6934	0
7.042	1	1	2	76.1323	0
7.081	1	2	1	172.857	0
7.082	1	1	2	67.6473	0
7.121	1	2	1	62.9239	0
7.122	1	1	2	44.3121	0
7.161	1	2	1	65.901	0
7.162	1	1	2	82.4001	0
7.201	1	2	1	107.206	0
7.202	1	1	2	138.511	0
7.241	1	2	1	59.2529	0
7.242	1	1	2	57.3478	0
7.281	1	2	1	49.0397	0
7.282	1	1	2	106.984	0
7.321	1	2	1	187.75	0
7.322	1	1	2	161.902	0
7.361	1	2	1	95.3505	0
7.362	1	1	2	67.9759	0
7.401	1	2	1	28.6413	0
7.402	1	1	2	32.0909	0
7.441	1	2	1	59.2442	0
7.442	1	1	2	88.2907	0
7.481	1	2	1	98.645	0
7.482	1	1	2	111.067	0
7.521	1	2	1	44.9772	0
7.522	1	1	2	62.8801	0
7.561	1	2	1	34.4286	0
7.562	1	1	2	79.2231	0
7.601	1	2	1	59.7803	0
7.602	1	1	2	53.2891	0
7.641	1	2	1	110.391	0
7.642	1	1	2	82.56	0
7.681	1	2	1	40.3197	0
7.682	1	1	2	19.113	0
7.721	1	2	1	39.5755	0
7.722	1	1	2	148.697	0
7.761	1	2	1	60.4043	0
7.762	1	1	2	47.5211	0
7.801	1	2	1	63.5957	0
7.802	1	1	2	74.9797	0
7.841	1	2	1	57.0934	0
7.842	1	1	2	29.7369	0
7.881	1	2	1	15.9661	0
7.882	1	1	2	90.9653	0
7.921	1	2	1	85.6229	0
7.922	1	1	2	77.6815	0
7.961	1	2	1	68.9597	0
7.962	1	1	2	54.85	0
8.001	1	2	1	87.1741	0
8.002	1	1	2	210.618	0
8.041	1	2	1	63.6138	0
8.042	1	1	2	48.5491	0
8.081	1	2	1	134.382	0
8.082	1	1	2	103.891	0
8.121	1	2	1	123.772	0
8.122	1	1	2	73.6424	0
8.161	1	2	1	139.18	0
8.162	1	1	2	58.7721	0
8.201	1	2	1	51.0735	0
8.202	1	1	2	71.3212	0
8.241	1	2	1	48.885	0
8.242	1	1	2	41.4634	0
8.281	1	2	1	55.353	0
8.282	1	1	2	57.6635	0
8.321	1	2	1	97.8163	0
8.322	1	1	2	99.7824	0
8.361	1	2	1	177.471	0
8.362	1	1	2	22.1663	0
8.401	1	2	1	97.8653	0
8.402	1	1	2	116.038	0
8.441	1	2	1	51.6086	0
8.442	1	1	2	46.9066	0
8.481	1	2	1	44.2768	0
8.482	1	1	2	93.4336	0
8.521	1	2	1	80.8823	0
8.522	1	1	2	72.2268	0
8.561	1	2	1	44.3236	0
8.562	1	1	2	53.9744	0
8.601	1	2	1	66.8542	0
8.602	1	1	2	163.243	0
8.641	1	2	1	49.7837	0
8.642	1	1	2	113.489	0
8.681	1	2	1	169.796	0
8.682	1	1	2	140.653	0
8.721	1	2	1	111.14	0
8.722	1	1	2	40.4823	0
8.761	1	2	1	139.222	0
8.762	1	1	2	69.4532	0
8.801	1	2	1	37.5444	0
8.802	1	1	2	51.8971	0
8.841	1	2	1	76.322	0
8.842	1	1	2	75.9288	0
8.881	1	2	1	54.2247	0
8.882	1	1	2	158.053	0
8.921	1	2	1	70.3876	0
8.922	1	1	2	106.311	0
8.961	1	2	1	146.333	0
8.962	1	1	2	79.5594	0
9.001	1	2	1	152.72	0
9.002	1	1	2	52.9384	0
9.041	1	2	1	36.8354	0
9.042	1	1	2	36.7985	0
9.081	1	2	1	60.1959	0
9.082	1	1	2	87.9077	0
9.121	1	2	1	63.2373	0
9.122	1	1	2	98.7714	0
9.161	1	2	1	40.9197	0
9.162	1	1	2	63.0178	0
9.201	1	2	1	46.2083	0
9.202	1	1	2	71.327	0
9.241	1	2	1	70.9392	0
9.242	1	1	2	43.3273	0
9.281	1	2	1	80.085	0
9.282	1	1	2	63.033	0
9.321	1	2	1	56.1441	0
9.322	1	1	2	42.3694	0
9.361	1	2	1	82.5296	0
9.362	1	1	2	58.0922	0
9.401	1	2	1	68.0539	0
9.402	1	1	2	91.4035	0
9.441	1	2	1	42.7149	0
9.442	1	1	2	163.359	0
9.481	1	2	1	65.6904	0
9.482	1	1	2	42.588	0
9.521	1	2	1	26.1637	0
9.522	1	1	2	100.326	0
9.561	1	2	1	147.554	0
9.562	1	1	2	52.8677	0
9.601	1	2	1	209.118	0
9.602	1	1	2	69.9758	0
9.641	1	2	1	53.9868	0
9.642	1	1	2	28.8043	0
9.681	1	2	1	154.534	0
9.682	1	1	2	139.304	0
9.721	1	2	1	92.1545	0
9.722	1	1	2	44.575	0
9.761	1	2	1	33.3678	0
9.762	1	1	2	61.7123	0
9.801	1	2	1	76.0725	0
9.802	1	1	2	40.9554	0
9.841	1	2	1	36.6865	0
9.842	1	1	2	121.002	0
9.881	1	2	1	63.8341	0
9.882	1	1	2	64.8097	0
9.921	1	2	1	40.9329	0
9.922	1	1	2	56.1674	0
9.961	1	2	1	70.8225	0
9.962	1	1	2	65.547	0
10.001	1	2	1	169.437	0
10.002	1	1	2	136.618	0
10.041	1	2	1	105.32	0
10.042	1	1	2	100.643	0
10.081	1	2	1	68.5803	0
10.082	1	1	2	84.5953	0
10.121	1	2	1	54.6659	0
10.122	1	1	2	111.759	0
10.161	1	2	1	43.219	0
10.162	1	1	2	49.2415	0
10.201	1	2	1	61.552	0
10.202	1	1	2	247.127	0
10.241	1	2	1	94.8733	0
10.242	1	1	2	31.3455	0
10.281	1	2	1	39.2715	0
10.282	1	1	2	45.3272	0
10.321	1	2	1	81.2418	0
10.322	1	1	2	169.179	0
10.361	1	2	1	27.7357	0
10.362	1	1	2	95.7249	0
10.401	1	2	1	20.1568	0
10.402	1	1	2	175.902	0
10.441	1	2	1	88.6049	0
10.442	1	1	2	43.9923	0
10.481	1	2	1	42.9243	0
10.482	1	1	2	20.1603	0
10.521	1	2	1	75.1247	0
10.522	1	1	2	71.7016	0
10.561	1	2	1	117.466	0
10.562	1	1	2	107.727	0
10.601	1	2	1	161.186	0
10.602	1	1	2	55.4386	0
10.641	1	2	1	70.5905	0
10.642	1	1	2	43.0052	0
10.681	1	2	1	24.4983	0
10.682	1	1	2	197.552	0
10.721	1	2	1	41.2393	0
10.722	1	1	2	94.8878	0
10.761	1	2	1	67.731	0
10.762	1	1	2	29.2171	0
10.801	1	2	1	60.0917	0
10.802	1	1	2	51.7242	0
10.841	1	2	1	89.8487	0
10.842	1	1	2	108.211	0
10.881	1	2	1	73.3227	0
10.882	1	1	2	205.103	0
10.921	1	2	1	55.4675	0
10.922	1	1	2	108.459	0
10.961	1	2	1	60.1075	0
10.962	1	1	2	159.495	0
11.001	1	2	1	36.0413	0
11.002	1	1	2	111.176	0
11.041	1	2	1	112.944	0
11.042	1	1	2	38.0168	0
11.081	1	2	1	69.3266	0
11.082	1	1	2	71.3723	0
11.121	1	2	1	55.4637	0
11.122	1	1	2	168.952	0
11.161	1	2	1	62.9495	0
11.162	1	1	2	97.8749	0
11.201	1	2	1	68.8968	0
11.202	1	1	2	60.7746	0
11.241	1	2	1	72.1143	0
11.242	1	1	2	61.1477	0
11.281	1	2	1	86.91	0
11.282	1	1	2	184.575	0
11.321	1	2	1	24.8245	0
11.322	1	1	2	93.5916	0
11.361	1	2	1	49.9078	0
11.362	1	1	2	28.4611	0
11.401	1	2	1	66.0709	0
11.402	1	1	2	124.541	0
11.441	1	2	1	223.414	0
11.442	1	1	2	51.8524	0
11.481	1	2	1	80.0473	0
11.482	1	1	2	182.402	0
11.521	1	2	1	60.8554	0
11.522	1	1	2	56.2949	0
11.561	1	2	1	35.8393	0
11.562	1	1	2	152.836	0
11.601	1	2	1	76.71	0
11.602	1	1	2	53.9078	0
11.641	1	2	1	120.096	0
11.642	1	1	2	39.28	0
11.681	1	2	1	42.0264	0
11.682	1	1	2	49.0423	0
11.721	1	2	1	53.6274	0
11.722	1	1	2	101.671	0
11.761	1	2	1	89.7001	0
11.762	1	1	2	173.531	0
11.801	1	2	1	115.938	0
11.802	1	1	2	46.3254	0
11.841	1	2	1	64.5757	0
11.842	1	1	2	88.675	0
11.881	1	2	1	63.5636	0
11.882	1	1	2	97.5697	0
11.921	1	2	1	77.0812	0
11.922	1	1	2	60.2726	0
11.961	1	2	1	53.1233	0
11.962	1	1	2	240.418	0
12.001	1	2	1	124.645	0
12.002	1	1	2	59.0624	0
12.041	1	2	1	43.5323	0
12.042	1	1	2	107.444	0
12.081	1	2	1	34.9038	0
12.082	1	1	2	63.5459	0
12.121	1	2	1	55.2877	0
12.122	1	1	2	39.1515	0
12.161	1	2	1	69.4653	0
12.162	1	1	2	37.3718	0
12.201	1	2	1	55.5697	0
12.202	1	1	2	61.6194	0
12.241	1	2	1	21.8045	0
12.242	1	1	2	77.6604	0
12.281	1	2	1	91.3969	0
12.282	1	1	2	46.8664	0
12.321	1	2	1	56.4608	0
12.322	1	1	2	51.4744	0
12.361	1	2	1	41.9419	0
12.362	1	1	2	63.1768	0
12.401	1	2	1	43.089	0
12.402	1	1	2	51.2304	0
12.441	1	2	1	55.7212	0
12.442	1	1	2	59.0863	0
12.481	1	2	1	106.242	0
12.482	1	1	2	13.7825	0
12.521	1	2	1	125.09	0
12.522	1	1	2	85.4823	0
12.561	1	2	1	20.087	0
12.562	1	1	2	23.0896	0
12.601	1	2	1	54.1341	0
12.602	1	1	2	75.7369	0
12.641	1	2	1	148.11	0
12.642	1	1	2	40.0151	0
12.681	1	2	1	59.4756	0
12.682	1	1	2	60.9021	0
12.721	1	2	1	38.8003	0
12.722	1	1	2	25.5057	0
12.761	1	2	1	44.7359	0
12.762	1	1	2	114.267	0
12.801	1	2	1	106.501	0
12.802	1	1	2	134.06	0
12.841	1	2	1	168.295	0
12.842	1	1	2	33.6684	0
12.881	1	2	1	53.6067	0
12.882	1	1	2	76.848	0
12.921	1	2	1	89.0704	0
12.922	1	1	2	66.7402	0
12.961	1	2	1	101.535	0
12.962	1	1	2	31.0321	0
13.001	1	2	1	97.6166	0
13.002	1	1	2	32.869	0
13.041	1	2	1	109.009	0
13.042	1	1	2	131.304	0
13.081	1	2	1	85.203	0
13.082	1	1	2	100.262	0
13.121	1	2	1	100.312	0
13.122	1	1	2	155.261	0
13.161	1	2	1	100.404	0
13.162	1	1	2	61.9713	0
13.201	1	2	1	190.715	0
13.202	1	1	2	103.83	0
13.241	1	2	1	86.7741	0
13.242	1	1	2	46.0991	0
13.281	1	2	1	86.6349	0
13.282	1	1	2	190.863	0
13.321	1	2	1	48.5326	0
13.322	1	1	2	40.8975	0
13.361	1	2	1	24.8011	0
13.362	1	1	2	35.5167	0
13.401	1	2	1	41.3429	0
13.402	1	1	2	180.08	0
13.441	1	2	1	36.5087	0
13.442	1	1	2	71.9042	0
13.481	1	2	1	29.6051	0
13.482	1	1	2	241.816	0
13.521	1	2	1	113.42	0
13.522	1	1	2	94.2477	0
13.561	1	2	1	60.8781	0
13.562	1	1	2	32.7694	0
13.601	1	2	1	32.5722	0
13.602	1	1	2	146.062	0
13.641	1	2	1	71.6321	0
13.642	1	1	2	38.7141	0
13.681	1	2	1	51.8029	0
13.682	1	1	2	58.2759	0
13.721	1	2	1	51.9966	0
13.722	1	1	2	69.1612	0
13.761	1	2	1	75.3567	0
13.762	1	1	2	40.6212	0
13.801	1	2	1	129.31	0
13.802	1	1	2	46.3547	0
13.841	1	2	1	156.118	0
13.842	1	1	2	74.2437	0
13.881	1	2	1	77.9703	0
13.882	1	1	2	76.6751	0
13.921	1	2	1	81.0375	0
13.922	1	1	2	51.5884	0
13.961	1	2	1	140.549	0
13.962	1	1	2	89.2306	0
14.001	1	2	1	37.8793	0
14.002	1	1	2	56.4364	0
14.041	1	2	1	34.674	0
14.042	1	1	2	18.5082	0
14.081	1	2	1	131.891	0
14.082	1	1	2	88.4537	0
14.121	1	2	1	207.062	0
14.122	1	1	2	62.5665	0
14.161	1	2	1	73.0379	0
14.162	1	1	2	42.399	0
14.201	1	2	1	162.198	0
14.202	1	1	2	41.474	0
14.241	1	2	1	89.7516	0
14.242	1	1	2	55.2042	0
14.281	1	2	1	26.6928	0
14.282	1	1	2	104.195	0
14.321	1	2	1	76.0171	0
14.322	1	1	2	86.4298	0
14.361	1	2	1	37.8408	0
14.362	1	1	2	34.0572	0
14.401	1	2	1	62.6176	0
14.402	1	1	2	84.7245	0
14.441	1	2	1	30.3137	0
14.442	1	1	2	83.4709	0
14.481	1	2	1	94.9545	0
14.482	1	1	2	94.1436	0
14.521	1	2	1	95.0214	0
14.522	1	1	2	105.641	0
14.561	1	2	1	74.3948	0
14.562	1	1	2	59.5989	0
14.601	1	2	1	67.8215	0
14.602	1	1	2	47.5474	0
14.641	1	2	1	98.002	0
14.642	1	1	2	80.1055	0
14.681	1	2	1	78.7248	0
14.682	1	1	2	31.574	0
14.721	1	2	1	94.4303	0
14.722	1	1	2	69.2125	0
14.761	1	2	1	94.4615	0
14.762	1	1	2	170.362	0
14.801	1	2	1	51.4209	0
14.802	1	1	2	62.9165	0
14.841	1	2	1	76.4628	0
14.842	1	1	2	53.477	0
14.881	1	2	1	102.871	0
14.882	1	1	2	50.0202	0
14.921	1	2	1	27.2014	0
14.922	1	1	2	90.2706	0
14.961	1	2	1	95.7626	0
14.962	1	1	2	82.7832	0
15.001	1	2	1	30.2579	0
15.002	1	1	2	30.4273	0
15.041	1	2	1	109.742	0
15.042	1	1	2	44.4063	0
15.081	1	2	1	201.194	0
15.082	1	1	2	58.7798	0
15.121	1	2	1	89.6604	0
15.122	1	1	2	45.5461	0
15.161	1	2	1	53.633	0
15.162	1	1	2	101.442	0
15.201	1	2	1	107.316	0
15.202	1	1	2	230.16	0
15.241	1	2	1	92.8291	0
15.242	1	1	2	21.6755	0
15.281	1	2	1	198.673	0
15.282	1	1	2	83.907	0
15.321	1	2	1	87.69	0
15.322	1	1	2	62.0199	0
15.361	1	2	1	199.427	0
15.362	1	1	2	110.902	0
15.401	1	2	1	18.2895	0
15.402	1	1	2	100.565	0
15.441	1	2	1	134.359	0
15.442	1	1	2	71.6253	0
15.481	1	2	1	164.633	0
15.482	1	1	2	52.449	0
15.521	1	2	1	111.024	0
15.522	1	1	2	132.795	0
15.561	1	2	1	87.1357	0
15.562	1	1	2	118.126	0
15.601	1	2	1	196.937	0
15.602	1	1	2	88.1276	0
15.641	1	2	1	76.4819	0
15.642	1	1	2	79.3006	0
15.681	1	2	1	206.302	0
15.682	1	1	2	54.0055	0
15.721	1	2	1	15.9618	0
15.722	1	1	2	28.5574	0
15.761	1	2	1	141.845	0
15.762	1	1	2	99.7211	0
15.801	1	2	1	167.731	0
15.802	1	1	2	36.2423	0
15.841	1	2	1	102.838	0
15.842	1	1	2	61.5946	0
15.881	1	2	1	64.9165	0
15.882	1	1	2	188.551	0
15.921	1	2	1	35.8789	0
15.922	1	1	2	29.762	0
15.961	1	2	1	46.8461	0
15.962	1	1	2	59.6399	0
16.001	1	2	1	60.8639	0
16.002	1	1	2	79.5165	0
16.041	1	2	1	49.3488	0
16.042	1	1	2	39.7495	0
16.081	1	2	1	51.0567	0
16.082	1	1	2	94.9663	0
16.121	1	2	1	71.2499	0
16.122	1	1	2	61.1854	0
16.161	1	2	1	22.3655	0
16.162	1	1	2	53.8982	0
16.201	1	2	1	41.2624	0
16.202	1	1	2	46.8256	0
16.241	1	2	1	95.9339	0
16.242	1	1	2	60.2619	0
16.281	1	2	1	53.0611	0
16.282	1	1	2	56.7083	0
16.321	1	2	1	76.8801	0
16.322	1	1	2	67.9874	0
16.361	1	2	1	76.3819	0
16.362	1	1	2	105.889	0
16.401	1	2	1	26.8732	0
16.402	1	1	2	99.3142	0
16.441	1	2	1	111.271	0
16.442	1	1	2	23.1446	0
16.481	1	2	1	57.0308	0
16.482	1	1	2	73.3217	0
16.521	1	2	1	118.793	0
16.522	1	1	2	44.3665	0
16.561	1	2	1	84.0939	0
16.562	1	1	2	63.1957	0
16.601	1	2	1	68.9927	0
16.602	1	1	2	76.0149	0
16.641	1	2	1	57.9666	0
16.642	1	1	2	75.1502	0
16.681	1	2	1	80.544	0
16.682	1	1	2	96.7085	0
16.721	1	2	1	70.4722	0
16.722	1	1	2	43.5868	0
16.761	1	2	1	102.863	0
16.762	1	1	2	68.3003	0
16.801	1	2	1	40.3416	0
16.802	1	1	2	58.91	0
16.841	1	2	1	212.149	0
16.842	1	1	2	93.9263	0
16.881	1	2	1	65.9847	0
16.882	1	1	2	66.0901	0
16.921	1	2	1	43.6209	0
16.922	1	1	2	53.2937	0
16.961	1	2	1	152.61	0
16.962	1	1	2	161.261	0
17.001	1	2	1	156.84	0
17.002	1	1	2	128.517	0
17.041	1	2	1	36.1769	0
17.042	1	1	2	52.0202	0
17.081	1	2	1	61.8166	0
17.082	1	1	2	176.193	0
17.121	1	2	1	59.4238	0
17.122	1	1	2	134.035	0
17.161	1	2	1	41.0959	0
17.162	1	1	2	99.9858	0
17.201	1	2	1	46.2296	0
17.202	1	1	2	65.5265	0
17.241	1	2	1	68.5495	0
17.242	1	1	2	53.9207	0
17.281	1	2	1	82.0491	0
17.282	1	1	2	113.475	0
17.321	1	2	1	59.6092	0
17.322	1	1	2	102.401	0
17.361	1	2	1	78.1766	0
17.362	1	1	2	70.1494	0
17.401	1	2	1	68.2115	0
17.402	1	1	2	69.841	0
17.441	1	2	1	45.1474	0
17.442	1	1	2	143.812	0
17.481	1	2	1	67.7724	0
17.482	1	1	2	69.2082	0
17.521	1	2	1	182.828	0
17.522	1	1	2	42.5958	0
17.561	1	2	1	27.33	0
17.562	1	1	2	83.7185	0
17.601	1	2	1	73.6175	0
17.602	1	1	2	24.3016	0
17.641	1	2	1	51.1409	0
17.642	1	1	2	114.267	0
17.681	1	2	1	32.561	0
17.682	1	1	2	60.0816	0
17.721	1	2	1	97.0812	0
17.722	1	1	2	56.4148	0
17.761	1	2	1	38.4316	0
17.762	1	1	2	94.2109	0
17.801	1	2	1	91.1777	0
17.802	1	1	2	38.501	0
17.841	1	2	1	131.325	0
17.842	1	1	2	48.1575	0
17.881	1	2	1	114.374	0
17.882	1	1	2	82.5587	0
17.921	1	2	1	85.6329	0
17.922	1	1	2	58.1762	0
17.961	1	2	1	85.0896	0
17.962	1	1	2	42.1465	0
18.001	1	2	1	71.6658	0
18.002	1	1	2	56.2904	0
18.041	1	2	1	21.9845	0
18.042	1	1	2	156.107	0
18.081	1	2	1	45.474	0
18.082	1	1	2	92.0129	0
18.121	1	2	1	92.9537	0
18.122	1	1	2	32.2931	0
18.161	1	2	1	53.4838	0
18.162	1	1	2	76.1015	0
18.201	1	2	1	70.9547	0
18.202	1	1	2	36.749	0
18.241	1	2	1	69.8698	0
18.242	1	1	2	63.7187	0
18.281	1	2	1	31.7991	0
18.282	1	1	2	39.1012	0
18.321	1	2	1	108.342	0
18.322	1	1	2	74.2215	0
18.361	1	2	1	57.0573	0
18.362	1	1	2	151.172	0
18.401	1	2	1	61.7652	0
18.402	1	1	2	38.1426	0
18.441	1	2	1	79.3984	0
18.442	1	1	2	91.3419	0
18.481	1	2	1	105.473	0
18.482	1	1	2	79.7501	0
18.521	1	2	1	25.2513	0
18.522	1	1	2	56.2718	0
18.561	1	2	1	149.751	0
18.562	1	1	2	220.831	0
18.601	1	2	1	209.391	0
18.602	1	1	2	16.2226	0
18.641	1	2	1	51.8324	0
18.642	1	1	2	156.827	0
18.681	1	2	1	152.922	0
18.682	1	1	2	167.037	0
18.721	1	2	1	92.1912	0
18.722	1	1	2	73.1037	0
18.761	1	2	1	34.4699	0
18.762	1	1	2	59.055	0
18.801	1	2	1	76.0599	0
18.802	1	1	2	32.068	0
18.841	1	2	1	36.6354	0
18.842	1	1	2	47.1618	0
18.881	1	2	1	63.8918	0
18.882	1	1	2	139.628	0
18.921	1	2	1	42.885	0
18.922	1	1	2	73.0084	0
18.961	1	2	1	67.4198	0
18.962	1	1	2	64.4972	0
19.001	1	2	1	65.8682	0
19.002	1	1	2	34.0721	0
19.041	1	2	1	103.792	0
19.042	1	1	2	89.7489	0
19.081	1	2	1	34.343	0
19.082	1	1	2	32.0224	0
19.121	1	2	1	87.4689	0
19.122	1	1	2	86.2535	0
19.161	1	2	1	17.2918	0
19.162	1	1	2	135.855	0
19.201	1	2	1	58.7131	0
19.202	1	1	2	124.788	0
19.241	1	2	1	87.5522	0
19.242	1	1	2	91.2003	0
19.281	1	2	1	152.596	0
19.282	1	1	2	67.1241	0
19.321	1	2	1	34.0996	0
19.322	1	1	2	54.9608	0
19.361	1	2	1	90.8544	0
19.362	1	1	2	28.8324	0
19.401	1	2	1	177.612	0
19.402	1	1	2	104.413	0
19.441	1	2	1	72.6401	0
19.442	1	1	2	39.6286	0
19.481	1	2	1	85.801	0
19.482	1	1	2	60.1183	0
19.521	1	2	1	66.2029	0
19.522	1	1	2	79.6417	0
19.561	1	2	1	88.1056	0
19.562	1	1	2	23.7005	0
19.601	1	2	1	58.3226	0
19.602	1	1	2	107.188	0
19.641	1	2	1	77.1398	0
19.642	1	1	2	67.8745	0
19.681	1	2	1	57.4421	0
19.682	1	1	2	57.0568	0
19.721	1	2	1	62.2657	0
19.722	1	1	2	99.0189	0
19.761	1	2	1	57.7556	0
19.762	1	1	2	37.7299	0
19.801	1	2	1	99.3892	0
19.802	1	1	2	48.5635	0
19.841	1	2	1	96.8929	0
19.842	1	1	2	82.868	0
19.881	1	2	1	69.9392	0
19.882	1	1	2	53.7302	0
19.921	1	2	1	115.937	0
19.922	1	1	2	42.4529	0
19.961	1	2	1	109.434	0
19.962	1	1	2	121.865	0
20.001	1	2	1	179.989	0
20.002	1	1	2	98.9283	0
20.041	1	2	1	71.9561	0
20.042	1	1	2	56.9561	0
20.081	1	2	1	238.939	0
20.082	1	1	2	82.4447	0
20.121	1	2	1	49.1059	0
20.122	1	1	2	101.756	0
20.161	1	2	1	11.852	0
20.162	1	1	2	30.6005	0
20.201	1	2	1	52.601	0
20.202	1	1	2	93.3536	0
20.241	1	2	1	28.2437	0
20.242	1	1	2	20.8631	0
20.281	1	2	1	108.948	0
20.282	1	1	2	46.1861	0
20.321	1	2	1	75.8017	0
20.322	1	1	2	72.8961	0
20.361	1	2	1	84.8604	0
20.362	1	1	2	34.0813	0
20.401	1	2	1	29.1768	0
20.402	1	1	2	104.634	0
20.441	1	2	1	46.8882	0
20.442	1	1	2	36.0138	0
20.481	1	2	1	80.5624	0
20.482	1	1	2	87.703	0
20.521	1	2	1	33.2795	0
20.522	1	1	2	49.6896	0
20.561	1	2	1	85.7851	0
20.562	1	1	2	59.9018	0
20.601	1	2	1	47.9498	0
20.602	1	1	2	128.1	0
20.641	1	2	1	172.012	0
20.642	1	1	2	178.737	0
20.681	1	2	1	39.5737	0
20.682	1	1	2	79.9189	0
20.721	1	2	1	75.1341	0
20.722	1	1	2	60.9046	0
20.761	1	2	1	41.7281	0
20.762	1	1	2	163.771	0
20.801	1	2	1	42.3476	0
20.802	1	1	2	70.2017	0
20.841	1	2	1	48.5775	0
20.842	1	1	2	82.6767	0
20.881	1	2	1	53.8006	0
20.882	1	1	2	109.469	0
20.921	1	2	1	87.4741	0
20.922	1	1	2	51.373	0
20.961	1	2	1	83.017	0
20.962	1	1	2	33.1551	0
21.001	1	2	1	27.9287	0
21.002	1	1	2	74.9225	0
21.041	1	2	1	63.1722	0
21.042	1	1	2	63.2844	0
21.081	1	2	1	108.447	0
21.082	1	1	2	121.809	0
21.121	1	2	1	33.0034	0
21.122	1	1	2	16.967	0
21.161	1	2	1	31.6503	0
21.162	1	1	2	31.8694	0
21.201	1	2	1	51.7168	0
21.202	1	1	2	42.7479	0
21.241	1	2	1	69.7674	0
21.242	1	1	2	100.603	0
21.281	1	2	1	87.0216	0
21.282	1	1	2	52.8651	0
21.321	1	2	1	98.1728	0
21.322	1	1	2	128.875	0
21.361	1	2	1	96.1818	0
21.362	1	1	2	40.3045	0
21.401	1	2	1	71.6617	0
21.402	1	1	2	125.877	0
21.441	1	2	1	53.0402	0
21.442	1	1	2	22.8773	0
21.481	1	2	1	30.6119	0
21.482	1	1	2	74.4259	0
21.521	1	2	1	44.2945	0
21.522	1	1	2	82.8617	0
21.561	1	2	1	23.9832	0
21.562	1	1	2	140.093	0
21.601	1	2	1	45.2	0
21.602	1	1	2	134.968	0
21.641	1	2	1	38.264	0
21.642	1	1	2	87.3376	0
21.681	1	2	1	94.4843	0
21.682	1	1	2	35.7555	0
21.721	1	2	1	33.6688	0
21.722	1	1	2	74.4305	0
21.761	1	2	1	148.333	0
21.762	1	1	2	45.112	0
21.801	1	2	1	37.9728	0
21.802	1	1	2	104.344	0
21.841	1	2	1	58.8421	0
21.842	1	1	2	52.6124	0
21.881	1	2	1	67.1618	0
21.882	1	1	2	50.6046	0
21.921	1	2	1	40.7401	0
21.922	1	1	2	136.349	0
21.961	1	2	1	46.2755	0
21.962	1	1	2	50.6292	0
22.001	1	2	1	102.534	0
22.002	1	1	2	61.6611	0
22.041	1	2	1	231.452	0
22.042	1	1	2	86.9099	0
22.081	1	2	1	93.8797	0
22.082	1	1	2	69.1479	0
22.121	1	2	1	128.366	0
22.122	1	1	2	61.8692	0
22.161	1	2	1	93.5495	0
22.162	1	1	2	122.655	0
22.201	1	2	1	34.7035	0
22.202	1	1	2	18.7584	0
22.241	1	2	1	127.029	0
22.242	1	1	2	56.2949	0
22.281	1	2	1	89.7485	0
22.282	1	1	2	152.836	0
22.321	1	2	1	99.4445	0
22.322	1	1	2	53.9078	0
22.361	1	2	1	177.046	0
22.362	1	1	2	39.28	0
22.401	1	2	1	35.5011	0
22.402	1	1	2	49.0423	0
22.441	1	2	1	70.3731	0
22.442	1	1	2	101.671	0
22.481	1	2	1	74.141	0
22.482	1	1	2	173.531	0
22.521	1	2	1	79.3243	0
22.522	1	1	2	63.4199	0
22.561	1	2	1	41.3919	0
22.562	1	1	2	139.83	0
22.601	1	2	1	97.4394	0
22.602	1	1	2	196.276	0
22.641	1	2	1	90.2048	0
22.642	1	1	2	64.7164	0
22.681	1	2	1	91.5585	0
22.682	1	1	2	92.4228	0
22.721	1	2	1	37.0444	0
22.722	1	1	2	105.6	0
22.761	1	2	1	33.7604	0
22.762	1	1	2	48.019	0
22.801	1	2	1	44.9524	0
22.802	1	1	2	166.149	0
22.841	1	2	1	45.6191	0
22.842	1	1	2	45.9401	0
22.881	1	2	1	61.9088	0
22.882	1	1	2	237.814	0
22.921	1	2	1	42.2016	0
22.922	1	1	2	31.2754	0
22.961	1	2	1	65.718	0
22.962	1	1	2	167.319	0
23.001	1	2	1	32.4963	0
23.002	1	1	2	44.3139	0
23.041	1	2	1	33.4424	0
23.042	1	1	2	82.1831	0
23.081	1	2	1	50.5798	0
23.082	1	1	2	31.4922	0
23.121	1	2	1	63.5056	0
23.122	1	1	2	67.8007	0
23.161	1	2	1	96.8513	0
23.162	1	1	2	174.958	0
23.201	1	2	1	107.83	0
23.202	1	1	2	58.9265	0
23.241	1	2	1	76.0348	0
23.242	1	1	2	53.0989	0
23.281	1	2	1	62.0261	0
23.282	1	1	2	50.6953	0
23.321	1	2	1	48.9763	0
23.322	1	1	2	90.6666	0
23.361	1	2	1	47.1017	0
23.362	1	1	2	81.3017	0
23.401	1	2	1	70.5485	0
23.402	1	1	2	63.9025	0
23.441	1	2	1	22.6699	0
23.442	1	1	2	96.5552	0
23.481	1	2	1	39.7784	0
23.482	1	1	2	15.4377	0
23.521	1	2	1	74.4316	0
23.522	1	1	2	40.854	0
23.561	1	2	1	72.3033	0
23.562	1	1	2	136.285	0
23.601	1	2	1	36.1725	0
23.602	1	1	2	89.3965	0
23.641	1	2	1	47.4474	0
23.642	1	1	2	44.0013	0
23.681	1	2	1	51.3403	0
23.682	1	1	2	75.3117	0
23.721	1	2	1	44.6941	0
23.722	1	1	2	37.3028	0
23.761	1	2	1	96.6899	0
23.762	1	1	2	63.4176	0
23.801	1	2	1	236.558	0
23.802	1	1	2	61.742	0
23.841	1	2	1	26.0515	0
23.842	1	1	2	42.9989	0
23.881	1	2	1	76.2031	0
23.882	1	1	2	145.425	0
23.921	1	2	1	64.4551	0
23.922	1	1	2	43.1236	0
23.961	1	2	1	108.087	0
23.962	1	1	2	97.5301	0
24.001	1	2	1	37.0744	0
24.002	1	1	2	93.0498	0
24.041	1	2	1	44.9851	0
24.042	1	1	2	131.065	0
24.081	1	2	1	31.3809	0
24.082	1	1	2	114.638	0
24.121	1	2	1	43.3557	0
24.122	1	1	2	38.4143	0
24.161	1	2	1	131.326	0
24.162	1	1	2	57.001	0
24.201	1	2	1	51.0185	0
24.202	1	1	2	117.496	0
24.241	1	2	1	33.4971	0
24.242	1	1	2	162.411	0
24.281	1	2	1	48.0832	0
24.282	1	1	2	185.327	0
24.321	1	2	1	73.2175	0
24.322	1	1	2	140.875	0
24.361	1	2	1	52.2891	0
24.362	1	1	2	74.0778	0
24.401	1	2	1	31.2345	0
24.402	1	1	2	88.2229	0
24.441	1	2	1	98.2634	0
24.442	1	1	2	92.3139	0
24.481	1	2	1	44.6193	0
24.482	1	1	2	157.185	0
24.521	1	2	1	75.9809	0
24.522	1	1	2	38.4293	0
24.561	1	2	1	38.1156	0
24.562	1	1	2	42.2078	0
24.601	1	2	1	62.375	0
24.602	1	1	2	109.76	0
24.641	1	2	1	29.2387	0
24.642	1	1	2	164.521	0
24.681	1	2	1	98.3072	0
24.682	1	1	2	58.9824	0
24.721	1	2	1	144.261	0
24.722	1	1	2	89.1961	0
24.761	1	2	1	34.8963	0
24.762	1	1	2	103.844	0
24.801	1	2	1	83.4134	0
24.802	1	1	2	56.1485	0
24.841	1	2	1	71.6653	0
24.842	1	1	2	250.732	0
24.881	1	2	1	36.6603	0
24.882	1	1	2	48.0788	0
24.921	1	2	1	92.2639	0
24.922	1	1	2	77.4479	0
24.961	1	2	1	167.703	0
24.962	1	1	2	152.24	0
25.001	1	2	1	83.5046	0
25.002	1	1	2	111.243	0
25.041	1	2	1	45.7894	0
25.042	1	1	2	90.6346	0
25.081	1	2	1	80.9248	0
25.082	1	1	2	70.9209	0
25.121	1	2	1	93.848	0
25.122	1	1	2	104.649	0
25.161	1	2	1	32.3267	0
25.162	1	1	2	121.161	0
25.201	1	2	1	101.227	0
25.202	1	1	2	52.7689	0
25.241	1	2	1	54.3638	0
25.242	1	1	2	89.3063	0
25.281	1	2	1	94.5901	0
25.282	1	1	2	49.664	0
25.321	1	2	1	125.983	0
25.322	1	1	2	199.426	0
25.361	1	2	1	81.9674	0
25.362	1	1	2	191.991	0
25.401	1	2	1	77.913	0
25.402	1	1	2	89.3693	0
25.441	1	2	1	67.2436	0
25.442	1	1	2	77.4493	0
25.481	1	2	1	69.9739	0
25.482	1	1	2	46.6769	0
25.521	1	2	1	45.9847	0
25.522	1	1	2	104.592	0
25.561	1	2	1	203.326	0
25.562	1	1	2	123.342	0
25.601	1	2	1	35.1416	0
25.602	1	1	2	18.2208	0
25.641	1	2	1	34.5116	0
25.642	1	1	2	71.1693	0
25.681	1	2	1	179.449	0
25.682	1	1	2	73.3257	0
25.721	1	2	1	72.5753	0
25.722	1	1	2	61.7142	0
25.761	1	2	1	232.649	0
25.762	1	1	2	17.3184	0
25.801	1	2	1	48.8854	0
25.802	1	1	2	42.4046	0
25.841	1	2	1	12.6099	0
25.842	1	1	2	83.2218	0
25.881	1	2	1	52.7644	0
25.882	1	1	2	48.1887	0
25.921	1	2	1	28.9926	0
25.922	1	1	2	110.982	0
25.961	1	2	1	105.678	0
25.962	1	1	2	199.851	0
26.001	1	2	1	66.5487	0
26.002	1	1	2	76.4742	0
26.041	1	2	1	69.5102	0
26.042	1	1	2	67.4892	0
26.081	1	2	1	127.764	0
26.082	1	1	2	139.919	0
26.121	1	2	1	24.0731	0
26.122	1	1	2	191.45	0
26.161	1	2	1	48.6522	0
26.162	1	1	2	63.8559	0
26.201	1	2	1	135.773	0
26.202	1	1	2	95.7225	0
26.241	1	2	1	74.4849	0
26.242	1	1	2	102.347	0
26.281	1	2	1	37.3668	0
26.282	1	1	2	44.1845	0
26.321	1	2	1	37.1143	0
26.322	1	1	2	161.841	0
26.361	1	2	1	117.541	0
26.362	1	1	2	47.1657	0
26.401	1	2	1	154.35	0
26.402	1	1	2	239.82	0
26.441	1	2	1	73.9253	0
26.442	1	1	2	35.6026	0
26.481	1	2	1	88.6648	0
26.482	1	1	2	167.128	0
26.521	1	2	1	36.0413	0
26.522	1	1	2	44.4566	0
26.561	1	2	1	112.944	0
26.562	1	1	2	94.9622	0
26.601	1	2	1	69.3266	0
26.602	1	1	2	238.25	0
26.641	1	2	1	55.4637	0
26.642	1	1	2	27.878	0
26.681	1	2	1	62.9495	0
26.682	1	1	2	73.6781	0
26.721	1	2	1	68.8968	0
26.722	1	1	2	65.273	0
26.761	1	2	1	72.1143	0
26.762	1	1	2	107.067	0
26.801	1	2	1	86.91	0
26.802	1	1	2	99.8896	0
26.841	1	2	1	24.8245	0
26.842	1	1	2	77.6781	0
26.881	1	2	1	49.9078	0
26.882	1	1	2	54.4641	0
26.921	1	2	1	66.0709	0
26.922	1	1	2	49.2651	0
26.961	1	2	1	223.414	0
26.962	1	1	2	164.536	0
27.001	1	2	1	54.9301	0
27.002	1	1	2	76.0196	0
27.041	1	2	1	49.7862	0
27.042	1	1	2	86.6015	0
27.081	1	2	1	59.8671	0
27.082	1	1	2	29.2174	0
27.121	1	2	1	60.2288	0
27.122	1	1	2	188.591	0
27.161	1	2	1	84.6615	0
27.162	1	1	2	209.408	0
27.201	1	2	1	63.4724	0
27.202	1	1	2	52.3942	0
27.241	1	2	1	45.1172	0
27.242	1	1	2	99.2809	0
27.281	1	2	1	78.5941	0
27.282	1	1	2	70.2679	0
27.321	1	2	1	133.062	0
27.322	1	1	2	60.6816	0
27.361	1	2	1	51.1488	0
27.362	1	1	2	70.3573	0
27.401	1	2	1	101.327	0
27.402	1	1	2	42.2971	0
27.441	1	2	1	171.817	0
27.442	1	1	2	56.1882	0
27.481	1	2	1	76.7366	0
27.482	1	1	2	105.684	0
27.521	1	2	1	40.8321	0
27.522	1	1	2	65.5047	0
27.561	1	2	1	95.2822	0
27.562	1	1	2	110.406	0
27.601	1	2	1	62.3839	0
27.602	1	1	2	112.74	0
27.641	1	2	1	53.3052	0
27.642	1	1	2	59.9133	0
27.681	1	2	1	46.2088	0
27.682	1	1	2	31.5095	0
27.721	1	2	1	61.2836	0
27.722	1	1	2	185.278	0
27.761	1	2	1	56.2672	0
27.762	1	1	2	90.2681	0
27.801	1	2	1	67.852	0
27.802	1	1	2	72.078	0
27.841	1	2	1	107.251	0
27.842	1	1	2	21.4017	0
27.881	1	2	1	98.438	0
27.882	1	1	2	172.852	0
27.921	1	2	1	22.3693	0
27.922	1	1	2	212.337	0
27.961	1	2	1	73.4653	0
27.962	1	1	2	39.822	0
28.001	1	2	1	64.9261	0
28.002	1	1	2	69.8234	0
28.041	1	2	1	97.659	0
28.042	1	1	2	118.217	0
28.081	1	2	1	138.217	0
28.082	1	1	2	65.3485	0
28.121	1	2	1	131.081	0
28.122	1	1	2	114.625	0
28.161	1	2	1	65.4003	0
28.162	1	1	2	34.317	0
28.201	1	2	1	32.9715	0
28.202	1	1	2	98.1192	0
28.241	1	2	1	70.5455	0
28.242	1	1	2	13.3064	0
28.281	1	2	1	115.306	0
28.282	1	1	2	60.2983	0
28.321	1	2	1	167.773	0
28.322	1	1	2	88.1157	0
28.361	1	2	1	76.077	0
28.362	1	1	2	145.25	0
28.401	1	2	1	27.8026	0
28.402	1	1	2	34.2487	0
28.441	1	2	1	39.4495	0
28.442	1	1	2	78.2098	0
28.481	1	2	1	62.753	0
28.482	1	1	2	190.48	0
28.521	1	2	1	84.2555	0
28.522	1	1	2	118.182	0
28.561	1	2	1	57.2718	0
28.562	1	1	2	63.5895	0
28.601	1	2	1	73.753	0
28.602	1	1	2	40.1732	0
28.641	1	2	1	116.879	0
28.642	1	1	2	37.9893	0
28.681	1	2	1	23.9253	0
28.682	1	1	2	72.1942	0
28.721	1	2	1	45.0988	0
28.722	1	1	2	41.6824	0
28.761	1	2	1	38.9352	0
28.762	1	1	2	49.1095	0
28.801	1	2	1	83.594	0
28.802	1	1	2	107.551	0
28.841	1	2	1	43.4614	0
28.842	1	1	2	33.4895	0
28.881	1	2	1	116.808	0
28.882	1	1	2	34.6315	0
28.921	1	2	1	42.9626	0
28.922	1	1	2	49.9468	0
28.961	1	2	1	124.914	0
28.962	1	1	2	61.6454	0
29.001	1	2	1	60.041	0
29.002	1	1	2	14.6106	0
29.041	1	2	1	55.5683	0
29.042	1	1	2	76.0099	0
29.081	1	2	1	69.3864	0
29.082	1	1	2	70.1103	0
29.121	1	2	1	70.8937	0
29.122	1	1	2	54.8021	0
29.161	1	2	1	22.0926	0
29.162	1	1	2	13.1808	0
29.201	1	2	1	47.2461	0
29.202	1	1	2	47.5116	0
29.241	1	2	1	90.3747	0
29.242	1	1	2	101.437	0
29.281	1	2	1	53.5379	0
29.282	1	1	2	48.6551	0
29.321	1	2	1	67.5446	0
29.322	1	1	2	111.949	0
29.361	1	2	1	66.99	0
29.362	1	1	2	168.941	0
29.401	1	2	1	35.1945	0
29.402	1	1	2	31.5085	0
29.441	1	2	1	105.925	0
29.442	1	1	2	122.132	0
29.481	1	2	1	57.2896	0
29.482	1	1	2	48.2637	0
29.521	1	2	1	56.6367	0
29.522	1	1	2	58.0979	0
29.561	1	2	1	34.9668	0
29.562	1	1	2	106.889	0
29.601	1	2	1	43.3603	0
29.602	1	1	2	104.4	0
29.641	1	2	1	73.8101	0
29.642	1	1	2	45.0841	0
29.681	1	2	1	48.8433	0
29.682	1	1	2	62.1981	0
29.721	1	2	1	38.4041	0
29.722	1	1	2	60.2882	0
29.761	1	2	1	102.573	0
29.762	1	1	2	76.8786	0
29.801	1	2	1	38.7555	0
29.802	1	1	2	68.7535	0
29.841	1	2	1	37.7474	0
29.842	1	1	2	22.5312	0
29.881	1	2	1	48.0386	0
29.882	1	1	2	49.1286	0
29.921	1	2	1	58.6083	0
29.922	1	1	2	85.8305	0
29.961	1	2	1	106.154	0
29.962	1	1	2	53.5727	0
30.001	1	2	1	77.7309	0
30.002	1	1	2	68.5645	0
30.041	1	2	1	77.5035	0
30.042	1	1	2	127.675	0
30.081	1	2	1	26.3066	0
30.082	1	1	2	23.4298	0
30.121	1	2	1	111.518	0
30.122	1	1	2	49.4557	0
30.161	1	2	1	57.0626	0
30.162	1	1	2	137.636	0
30.201	1	2	1	71.6518	0
30.202	1	1	2	72.1855	0
30.241	1	2	1	87.7487	0
30.242	1	1	2	37.5903	0
30.281	1	2	1	96.8866	0
30.282	1	1	2	38.0047	0
30.321	1	2	1	40.7838	0
30.322	1	1	2	116.029	0
30.361	1	2	1	51.9733	0
30.362	1	1	2	156.416	0
30.401	1	2	1	139.125	0
30.402	1	1	2	70.8113	0
30.441	1	2	1	97.8085	0
30.442	1	1	2	88.8756	0
30.481	1	2	1	81.9503	0
30.482	1	1	2	107.658	0
30.521	1	2	1	107.36	0
30.522	1	1	2	90.5563	0
30.561	1	2	1	82.1938	0
30.562	1	1	2	53.1102	0
30.601	1	2	1	63.7195	0
30.602	1	1	2	120.575	0
30.641	1	2	1	23.2904	0
30.642	1	1	2	15.7899	0
30.681	1	2	1	54.4991	0
30.682	1	1	2	26.5788	0
30.721	1	2	1	30.3387	0
30.722	1	1	2	54.7215	0
30.761	1	2	1	30.3106	0
30.762	1	1	2	113.122	0
30.801	1	2	1	84.6263	0
30.802	1	1	2	60.9574	0
30.841	1	2	1	46.2105	0
30.842	1	1	2	127.442	0
30.881	1	2	1	81.4053	0
30.882	1	1	2	36.8569	0
30.921	1	2	1	93.6601	0
30.922	1	1	2	115.44	0
30.961	1	2	1	31.3151	0
30.962	1	1	2	14.1499	0
31.001	1	2	1	172.761	0
31.002	1	1	2	176.891	0
31.041	1	2	1	64.4656	0
31.042	1	1	2	63.5434	0
31.081	1	2	1	68.7303	0
31.082	1	1	2	45.5934	0
31.121	1	2	1	107.413	0
31.122	1	1	2	64.5815	0
31.161	1	2	1	57.226	0
31.162	1	1	2	44.0145	0
31.201	1	2	1	46.029	0
31.202	1	1	2	45.7731	0
31.241	1	2	1	192.954	0
31.242	1	1	2	31.9229	0
31.281	1	2	1	95.0125	0
31.282	1	1	2	50.1623	0
31.321	1	2	1	28.71	0
31.322	1	1	2	128.061	0
31.361	1	2	1	55.4718	0
31.362	1	1	2	45.7279	0
31.401	1	2	1	103.427	0
31.402	1	1	2	33.9536	0
31.441	1	2	1	204.83	0
31.442	1	1	2	52.9641	0
31.481	1	2	1	116.063	0
31.482	1	1	2	71.0923	0
31.521	1	2	1	85.9902	0
31.522	1	1	2	131.354	0
31.561	1	2	1	78.3394	0
31.562	1	1	2	51.9522	0
31.601	1	2	1	23.0649	0
31.602	1	1	2	33.6178	0
31.641	1	2	1	179.251	0
31.642	1	1	2	47.2578	0
31.681	1	2	1	212.198	0
31.682	1	1	2	73.4153	0
31.721	1	2	1	41.872	0
31.722	1	1	2	51.8032	0
31.761	1	2	1	116.23	0
31.762	1	1	2	32.4026	0
31.801	1	2	1	81.1448	0
31.802	1	1	2	99.0076	0
31.841	1	2	1	53.4871	0
31.842	1	1	2	43.5233	0
31.881	1	2	1	73.3198	0
31.882	1	1	2	39.4498	0
31.921	1	2	1	39.5432	0
31.922	1	1	2	46.6279	0
31.961	1	2	1	60.674	0
31.962	1	1	2	57.4305	0
32.001	1	2	1	120.44	0
32.002	1	1	2	114.848	0
32.041	1	2	1	52.4307	0
32.042	1	1	2	30.2909	0
32.081	1	2	1	188.21	0
32.082	1	1	2	100.855	0
32.121	1	2	1	131.358	0
32.122	1	1	2	55.1879	0
32.161	1	2	1	86.8257	0
32.162	1	1	2	37.1884	0
32.201	1	2	1	72.9199	0
32.202	1	1	2	88.0007	0
32.241	1	2	1	56.6746	0
32.242	1	1	2	96.7287	0
32.281	1	2	1	113.706	0
32.282	1	1	2	62.7211	0
32.321	1	2	1	106.441	0
32.322	1	1	2	68.9559	0
32.361	1	2	1	68.1559	0
32.362	1	1	2	44.6544	0
32.401	1	2	1	56.6874	0
32.402	1	1	2	61.5381	0
32.441	1	2	1	155.126	0
32.442	1	1	2	45.037	0
32.481	1	2	1	76.0196	0
32.482	1	1	2	58.1135	0
32.521	1	2	1	82.2639	0
32.522	1	1	2	53.3275	0
32.561	1	2	1	80.4248	0
32.562	1	1	2	124.645	0
32.601	1	2	1	128.431	0
32.602	1	1	2	43.5323	0
32.641	1	2	1	130.889	0
32.642	1	1	2	34.9038	0
32.681	1	2	1	31.5951	0
32.682	1	1	2	55.2877	0
32.721	1	2	1	102.201	0
32.722	1	1	2	69.4653	0
32.761	1	2	1	76.5928	0
32.762	1	1	2	55.5697	0
32.801	1	2	1	50.6971	0
32.802	1	1	2	21.8045	0
32.841	1	2	1	78.9856	0
32.842	1	1	2	91.3969	0
32.881	1	2	1	58.7612	0
32.882	1	1	2	56.4608	0
32.921	1	2	1	152.691	0
32.922	1	1	2	41.9419	0
32.961	1	2	1	117.179	0
32.962	1	1	2	43.089	0
33.001	1	2	1	108.441	0
33.002	1	1	2	54.7452	0
33.041	1	2	1	52.9909	0
33.042	1	1	2	39.2186	0
33.081	1	2	1	254.469	0
33.082	1	1	2	179.583	0
33.121	1	2	1	40.8131	0
33.122	1	1	2	73.7149	0
33.161	1	2	1	63.1071	0
33.162	1	1	2	253.431	0
33.201	1	2	1	159.47	0
33.202	1	1	2	49.4469	0
33.241	1	2	1	122.996	0
33.242	1	1	2	10.2544	0
33.281	1	2	1	140.322	0
33.282	1	1	2	51.7049	0
33.321	1	2	1	38.358	0
33.322	1	1	2	27.425	0
33.361	1	2	1	25.5289	0
33.362	1	1	2	116.561	0
33.401	1	2	1	50.1986	0
33.402	1	1	2	66.344	0
33.441	1	2	1	54.972	0
33.442	1	1	2	85.3789	0
33.481	1	2	1	58.7761	0
33.482	1	1	2	28.3857	0
33.521	1	2	1	43.1783	0
33.522	1	1	2	77.1319	0
33.561	1	2	1	108.893	0
33.562	1	1	2	122.766	0
33.601	1	2	1	63.5105	0
33.602	1	1	2	33.9416	0
33.641	1	2	1	33.2964	0
33.642	1	1	2	80.3376	0
33.681	1	2	1	63.1455	0
33.682	1	1	2	77.9202	0
33.721	1	2	1	85.0686	0
33.722	1	1	2	133.953	0
33.761	1	2	1	93.4433	0
33.762	1	1	2	129.554	0
33.801	1	2	1	121.07	0
33.802	1	1	2	31.2291	0
33.841	1	2	1	37.9668	0
33.842	1	1	2	101.127	0
33.881	1	2	1	42.4708	0
33.882	1	1	2	76.4431	0
33.921	1	2	1	80.139	0
33.922	1	1	2	51.8268	0
33.961	1	2	1	64.4519	0
33.962	1	1	2	80.2771	0
34.001	1	2	1	72.6036	0
34.002	1	1	2	99.4285	0
34.041	1	2	1	40.2662	0
34.042	1	1	2	57.04	0
34.081	1	2	1	59.5893	0
34.082	1	1	2	115.193	0
34.121	1	2	1	90.7774	0
34.122	1	1	2	99.1619	0
34.161	1	2	1	24.2796	0
34.162	1	1	2	62.253	0
34.201	1	2	1	124.332	0
34.202	1	1	2	50.9235	0
34.241	1	2	1	46.3498	0
34.242	1	1	2	38.3556	0
34.281	1	2	1	95.5604	0
34.282	1	1	2	175.225	0
34.321	1	2	1	91.1181	0
34.322	1	1	2	109.579	0
34.361	1	2	1	111.469	0
34.362	1	1	2	112.858	0
34.401	1	2	1	132.404	0
34.402	1	1	2	25.2999	0
34.441	1	2	1	79.0904	0
34.442	1	1	2	99.4373	0
34.481	1	2	1	115.493	0
34.482	1	1	2	92.4795	0
34.521	1	2	1	89.6606	0
34.522	1	1	2	104.524	0
34.561	1	2	1	92.2231	0
34.562	1	1	2	69.2675	0
34.601	1	2	1	38.451	0
34.602	1	1	2	63.0338	0
34.641	1	2	1	33.0085	0
34.642	1	1	2	149.417	0
34.681	1	2	1	45.5573	0
34.682	1	1	2	72.7018	0
34.721	1	2	1	47.0926	0
34.722	1	1	2	88.1734	0
34.761	1	2	1	61.1255	0
34.762	1	1	2	31.6665	0
34.801	1	2	1	42.4582	0
34.802	1	1	2	190.81	0
34.841	1	2	1	64.9906	0
34.842	1	1	2	207.858	0
34.881	1	2	1	79.6839	0
34.882	1	1	2	56.8387	0
34.921	1	2	1	63.7189	0
34.922	1	1	2	94.9307	0
34.961	1	2	1	75.1419	0
34.962	1	1	2	66.7603	0
35.001	1	2	1	50.3632	0
35.002	1	1	2	110.158	0
35.041	1	2	1	98.1506	0
35.042	1	1	2	142.422	0
35.081	1	2	1	122.138	0
35.082	1	1	2	95.147	0
35.121	1	2	1	155.415	0
35.122	1	1	2	68.5636	0
35.161	1	2	1	93.7314	0
35.162	1	1	2	17.6168	0
35.201	1	2	1	72.0756	0
35.202	1	1	2	47.2274	0
35.241	1	2	1	91.3675	0
35.242	1	1	2	40.7978	0
35.281	1	2	1	45.699	0
35.282	1	1	2	67.5094	0
35.321	1	2	1	72.127	0
35.322	1	1	2	76.6022	0
35.361	1	2	1	61.2448	0
35.362	1	1	2	129.176	0
35.401	1	2	1	58.5923	0
35.402	1	1	2	130.677	0
35.441	1	2	1	86.6103	0
35.442	1	1	2	83.2025	0
35.481	1	2	1	50.8644	0
35.482	1	1	2	37.9039	0
35.521	1	2	1	43.249	0
35.522	1	1	2	71.6883	0
35.561	1	2	1	75.7329	0
35.562	1	1	2	22.1484	0
35.601	1	2	1	72.359	0
35.602	1	1	2	42.7262	0
35.641	1	2	1	79.9933	0
35.642	1	1	2	95.3004	0
35.681	1	2	1	58.5609	0
35.682	1	1	2	53.2599	0
35.721	1	2	1	104.592	0
35.722	1	1	2	75.0618	0
35.761	1	2	1	123.342	0
35.762	1	1	2	74.1615	0
35.801	1	2	1	18.2208	0
35.802	1	1	2	28.2194	0
35.841	1	2	1	71.1693	0
35.842	1	1	2	110.571	0
35.881	1	2	1	73.3257	0
35.882	1	1	2	57.0072	0
35.921	1	2	1	61.7142	0
35.922	1	1	2	67.3347	0
35.961	1	2	1	17.3184	0
35.962	1	1	2	83.6562	0
36.001	1	2	1	30.4273	0
36.002	1	1	2	15.4317	0
36.041	1	2	1	44.4063	0
36.042	1	1	2	43.6732	0
36.081	1	2	1	58.7798	0
36.082	1	1	2	34.2279	0
36.121	1	2	1	45.5461	0
36.122	1	1	2	90.1257	0
36.161	1	2	1	101.442	0
36.162	1	1	2	44.2463	0
36.201	1	2	1	230.16	0
36.202	1	1	2	168.233	0
36.241	1	2	1	21.6755	0
36.242	1	1	2	37.1725	0
36.281	1	2	1	83.907	0
36.282	1	1	2	69.5275	0
36.321	1	2	1	62.0199	0
36.322	1	1	2	47.3789	0
36.361	1	2	1	110.902	0
36.362	1	1	2	41.8115	0
36.401	1	2	1	100.565	0
36.402	1	1	2	47.2214	0
36.441	1	2	1	71.6253	0
36.442	1	1	2	59.2944	0
36.481	1	2	1	52.449	0
36.482	1	1	2	86.6296	0
36.521	1	2	1	105.26	0
36.522	1	1	2	43.4531	0
36.561	1	2	1	88.224	0
36.562	1	1	2	46.8003	0
36.601	1	2	1	54.6277	0
36.602	1	1	2	106.664	0
36.641	1	2	1	48.8679	0
36.642	1	1	2	34.2922	0
36.681	1	2	1	103.39	0
36.682	1	1	2	35.2838	0
36.721	1	2	1	84.5773	0
36.722	1	1	2	49.586	0
36.761	1	2	1	96.7616	0
36.762	1	1	2	60.8491	0
36.801	1	2	1	40.417	0
36.802	1	1	2	101.995	0
36.841	1	2	1	217.192	0
36.842	1	1	2	108.805	0
36.881	1	2	1	72.2768	0
36.882	1	1	2	62.655	0
36.921	1	2	1	38.1322	0
36.922	1	1	2	59.5506	0
36.961	1	2	1	153.168	0
36.962	1	1	2	51.2394	0
37.001	1	2	1	61.3234	0
37.002	1	1	2	182.874	0
37.041	1	2	1	40.3932	0
37.042	1	1	2	102.929	0
37.081	1	2	1	82.8617	0
37.082	1	1	2	74.305	0
37.121	1	2	1	140.093	0
37.122	1	1	2	39.9335	0
37.161	1	2	1	134.968	0
37.162	1	1	2	71.5883	0
37.201	1	2	1	87.3376	0
37.202	1	1	2	58.6603	0
37.241	1	2	1	35.7555	0
37.242	1	1	2	50.104	0
37.281	1	2	1	74.4305	0
37.282	1	1	2	39.2479	0
37.321	1	2	1	45.112	0
37.322	1	1	2	142.665	0
37.361	1	2	1	104.344	0
37.362	1	1	2	48.6904	0
37.401	1	2	1	52.6124	0
37.402	1	1	2	61.6535	0
37.441	1	2	1	50.6046	0
37.442	1	1	2	51.2024	0
37.481	1	2	1	136.349	0
37.482	1	1	2	71.7224	0
37.521	1	2	1	44.3947	0
37.522	1	1	2	98.3842	0
37.561	1	2	1	119.793	0
37.562	1	1	2	182.012	0
37.601	1	2	1	49.2735	0
37.602	1	1	2	37.652	0
37.641	1	2	1	55.553	0
37.642	1	1	2	70.4325	0
37.681	1	2	1	63.6637	0
37.682	1	1	2	75.4009	0
37.721	1	2	1	138.359	0
37.722	1	1	2	85.9404	0
37.761	1	2	1	46.9419	0
37.762	1	1	2	45.0995	0
37.801	1	2	1	60.0471	0
37.802	1	1	2	25.0193	0
37.841	1	2	1	72.375	0
37.842	1	1	2	45.2477	0
37.881	1	2	1	74.7145	0
37.882	1	1	2	38.6642	0
37.921	1	2	1	48.5268	0
37.922	1	1	2	94.2477	0
37.961	1	2	1	56.7922	0
37.962	1	1	2	32.7694	0
38.001	1	2	1	84.4405	0
38.002	1	1	2	116.958	0
38.041	1	2	1	57.8343	0
38.042	1	1	2	19.6634	0
38.081	1	2	1	70.0406	0
38.082	1	1	2	26.7948	0
38.121	1	2	1	62.3294	0
38.122	1	1	2	66.4958	0
38.161	1	2	1	73.5114	0
38.162	1	1	2	117.888	0
38.201	1	2	1	60.2255	0
38.202	1	1	2	64.773	0
38.241	1	2	1	59.1574	0
38.242	1	1	2	118.315	0
38.281	1	2	1	99.4839	0
38.282	1	1	2	34.6602	0
38.321	1	2	1	54.1994	0
38.322	1	1	2	102.316	0
38.361	1	2	1	32.5368	0
38.362	1	1	2	12.6374	0
38.401	1	2	1	43.025	0
38.402	1	1	2	61.2238	0
38.441	1	2	1	57.6796	0
38.442	1	1	2	88.8367	0
38.481	1	2	1	30.2976	0
38.482	1	1	2	141.979	0
38.521	1	2	1	32.2805	0
38.522	1	1	2	17.4777	0
38.561	1	2	1	43.726	0
38.562	1	1	2	149.065	0
38.601	1	2	1	80.8407	0
38.602	1	1	2	49.9742	0
38.641	1	2	1	42.6108	0
38.642	1	1	2	81.673	0
38.681	1	2	1	68.4834	0
38.682	1	1	2	29.839	0
38.721	1	2	1	112.617	0
38.722	1	1	2	77.4513	0
38.761	1	2	1	59.7828	0
38.762	1	1	2	80.9234	0
38.801	1	2	1	34.1779	0
38.802	1	1	2	55.1858	0
38.841	1	2	1	71.3255	0
38.842	1	1	2	53.2458	0
38.881	1	2	1	52.099	0
38.882	1	1	2	52.6895	0
38.921	1	2	1	52.0543	0
38.922	1	1	2	80.1979	0
38.961	1	2	1	77.1644	0
38.962	1	1	2	111.877	0
39.001	1	2	1	67.6615	0
39.002	1	1	2	116.508	0
39.041	1	2	1	25.2559	0
39.042	1	1	2	30.5033	0
39.081	1	2	1	42.553	0
39.082	1	1	2	97.5794	0
39.121	1	2	1	66.7263	0
39.122	1	1	2	67.3352	0
39.161	1	2	1	46.5061	0
39.162	1	1	2	209.302	0
39.201	1	2	1	105.504	0
39.202	1	1	2	115.026	0
39.241	1	2	1	221.738	0
39.242	1	1	2	58.4482	0
39.281	1	2	1	19.0958	0
39.282	1	1	2	101.201	0
39.321	1	2	1	91.7021	0
39.322	1	1	2	65.5047	0
39.361	1	2	1	59.559	0
39.362	1	1	2	110.406	0
39.401	1	2	1	113.292	0
39.402	1	1	2	112.74	0
39.441	1	2	1	100.19	0
39.442	1	1	2	59.9133	0
39.481	1	2	1	66.9162	0
39.482	1	1	2	31.5095	0
39.521	1	2	1	142.646	0
39.522	1	1	2	24.2144	0
39.561	1	2	1	120.734	0
39.562	1	1	2	95.1717	0
39.601	1	2	1	140.345	0
39.602	1	1	2	47.9884	0
39.641	1	2	1	48.1076	0
39.642	1	1	2	86.3211	0
39.681	1	2	1	53.791	0
39.682	1	1	2	81.6818	0
39.721	1	2	1	53.1197	0
39.722	1	1	2	133.553	0
39.761	1	2	1	92.1581	0
39.762	1	1	2	167.069	0
39.801	1	2	1	175.217	0
39.802	1	1	2	65.1741	0
39.841	1	2	1	101.831	0
39.842	1	1	2	106.942	0
39.881	1	2	1	58.9261	0
39.882	1	1	2	86.0062	0
39.921	1	2	1	48.1917	0
39.922	1	1	2	32.6704	0
39.961	1	2	1	45.0652	0
39.962	1	1	2	145.807	0
40.001	1	2	1	78.9656	0
40.002	1	1	2	96.0859	0
40.041	1	2	1	159.148	0
40.042	1	1	2	121.17	0
40.081	1	2	1	28.5003	0
40.082	1	1	2	72.0766	0
40.121	1	2	1	36.5407	0
40.122	1	1	2	68.3811	0
40.161	1	2	1	116.488	0
40.162	1	1	2	66.7817	0
40.201	1	2	1	83.4723	0
40.202	1	1	2	51.8645	0
40.241	1	2	1	180.972	0
40.242	1	1	2	88.7143	0
40.281	1	2	1	41.1651	0
40.282	1	1	2	17.2076	0
40.321	1	2	1	93.4226	0
40.322	1	1	2	148.461	0
40.361	1	2	1	51.0706	0
40.362	1	1	2	51.3217	0
40.401	1	2	1	139.94	0
40.402	1	1	2	85.1683	0
40.441	1	2	1	82.3469	0
40.442	1	1	2	30.9542	0
40.481	1	2	1	47.0893	0
40.482	1	1	2	70.7036	0
40.521	1	2	1	134.075	0
40.522	1	1	2	80.2116	0
40.561	1	2	1	33.0125	0
40.562	1	1	2	174.649	0
40.601	1	2	1	105.279	0
40.602	1	1	2	94.0145	0
40.641	1	2	1	77.4819	0
40.642	1	1	2	53.0564	0
40.681	1	2	1	47.7538	0
40.682	1	1	2	66.719	0
40.721	1	2	1	74.9504	0
40.722	1	1	2	171.41	0
40.761	1	2	1	55.9886	0
40.762	1	1	2	99.5126	0
40.801	1	2	1	159.317	0
40.802	1	1	2	28.3048	0
40.841	1	2	1	114.833	0
40.842	1	1	2	116.277	0
40.881	1	2	1	141.012	0
40.882	1	1	2	53.7288	0
40.921	1	2	1	42.0423	0
40.922	1	1	2	193.476	0
40.961	1	2	1	65.9305	0
40.962	1	1	2	129.23	0
