% start	end	CellId	IMSI	RNTI	LCID	nTxPDUs	TxBytes	nRxPDUs	RxBytes	delay	stdDev	min	max	PduSize	stdDev	min	max
1	2	1	1	2	3	292	439172	292	439172	0.00755476	0.00414937	0.00301926	0.0169453	1504.01	120.458	54	1514	
1	2	1	2	1	3	345	220276	345	220276	0.00365342	0.000890201	0.00300937	0.0070318	638.481	588.355	50	1519	
2	3	1	1	2	3	255	386070	255	386070	0.00653709	0.00264585	0.00303195	0.0129947	1514	0	1514	1514	
2	3	1	2	1	3	332	190955	332	190955	0.00363209	0.00132335	0.00301522	0.010064	575.166	656.727	57	1524	
3	4	1	1	2	3	118	178652	118	178652	0.00408412	0.00150603	0.00301952	0.0100443	1514	0	1514	1514	
3	4	1	2	1	3	220	113337	220	113337	0.00308049	0.000336667	0.00301267	0.00804728	515.168	641.464	61	1532	
4	5	1	1	2	3	67	101438	67	101438	0.00366465	0.000738371	0.00301952	0.00704439	1514	0	1514	1514	
4	5	1	2	1	3	168	87842	168	87842	0.00372068	0.0054151	0.00301682	0.0570539	522.869	676.887	69	1538	
5	6	1	1	2	3	53	80242	53	80242	0.00340478	0.000471984	0.00301952	0.00403195	1514	0	1514	1514	
5	6	1	2	1	3	144	89172	143	87622	0.00353724	0.00147795	0.00302713	0.012068	612.741	703.962	77	1550	
6	7	1	1	2	3	89	134746	78	118092	0.00384931	0.000760927	0.00301952	0.0059698	1514	0	1514	1514	
6	7	1	2	1	3	118	63988	119	65538	0.00319889	0.000536873	0.00301215	0.00704202	550.739	647.971	89	1552	
7	8	1	1	2	3	129	195306	140	211960	0.00413767	0.000852583	0.00301952	0.00698223	1514	0	1514	1514	
7	8	1	2	1	3	121	65899	121	65899	0.00336304	0.00153745	0.00302455	0.0180678	544.62	625.831	89	1552	
8	9	1	1	2	3	99	149886	99	149886	0.00521673	0.00239687	0.00301952	0.0110444	1514	0	1514	1514	
8	9	1	2	1	3	718	408479	712	403299	0.00352309	0.001592	0.00300583	0.0110427	566.431	665.404	93	1596	
9	10	1	1	2	3	94	142316	94	142316	0.00394205	0.00105984	0.00301752	0.00704425	1514	0	1514	1514	
9	10	1	2	1	3	619	350955	625	356135	0.00325884	0.00110307	0.00302206	0.0280677	569.816	669.014	133	1596	
10	11	1	1	2	3	209	316426	209	316426	0.00445037	0.00178691	0.00301952	0.0100444	1514	0	1514	1514	
10	11	1	2	1	3	248	139564	248	139564	0.00329119	0.00157273	0.00301337	0.0230458	562.758	666.691	133	1596	
11	12	1	1	2	3	183	277062	183	277062	0.00468004	0.00170547	0.00301939	0.0100434	1514	0	1514	1514	
11	12	1	2	1	3	523	291488	523	291488	0.00392649	0.00910527	0.00302435	0.117062	557.338	663.504	133	1596	
12	13	1	1	2	3	121	183194	121	183194	0.00430116	0.00105228	0.00301952	0.00604439	1514	0	1514	1514	
12	13	1	2	1	3	170	113789	170	113789	0.00314713	0.00038911	0.00302618	0.00703917	669.347	703.738	133	1596	
13	14	1	1	2	3	149	225586	149	225586	0.00416726	0.00116243	0.00301939	0.00889521	1514	0	1514	1514	
13	14	1	2	1	3	509	299770	509	299770	0.00346263	0.00348791	0.0030095	0.0540662	588.939	634.219	133	1596	
14	15	1	1	2	3	91	137774	91	137774	0.00449014	0.00194083	0.00303195	0.0100444	1514	0	1514	1514	
14	15	1	2	1	3	202	118527	202	118527	0.00370766	0.00327893	0.00301284	0.0410481	586.767	674.59	133	1596	
15	16	1	1	2	3	128	193792	128	193792	0.00417234	0.000923095	0.00301952	0.00601952	1514	0	1514	1514	
15	16	1	2	1	3	244	148473	240	147941	0.00332855	0.00115726	0.00301254	0.0140651	616.421	603.25	133	1596	
16	17	1	1	2	3	47	71158	47	71158	0.00362296	0.000724211	0.00303195	0.00504439	1514	0	1514	1514	
16	17	1	2	1	3	147	92241	151	92773	0.00323179	0.000575696	0.00302538	0.00606591	614.391	654.204	133	1596	
17	18	1	1	2	3	47	71158	47	71158	0.00355831	0.000568719	0.00301952	0.00499466	1514	0	1514	1514	
17	18	1	2	1	3	291	169276	291	169276	0.0033563	0.00177815	0.00301758	0.0250664	581.704	638.138	133	1596	
18	19	1	1	2	3	124	187736	124	187736	0.00387992	0.000806158	0.00301952	0.0059698	1514	0	1514	1514	
18	19	1	2	1	3	275	167422	275	167422	0.00326239	0.000662437	0.0030175	0.00706195	608.807	626.463	133	1595	
19	20	1	1	2	3	83	125662	83	125662	0.00422718	0.00116988	0.00301952	0.00801939	1514	0	1514	1514	
19	20	1	2	1	3	206	126150	206	126150	0.0032614	0.00114676	0.00300788	0.0180634	612.379	612.796	133	1596	
20	21	1	1	2	3	48	72672	48	72672	0.00397127	0.00227589	0.00301952	0.0120071	1514	0	1514	1514	
20	21	1	2	1	3	249	152466	249	152466	0.00335847	0.00215303	0.00302863	0.0260648	612.313	667.519	133	1596	
21	22	1	1	2	3	68	102952	68	102952	0.00365247	0.000689483	0.00301939	0.0059698	1514	0	1514	1514	
21	22	1	2	1	3	215	124526	215	124526	0.00342208	0.00211969	0.00302478	0.0300656	579.191	660.341	133	1596	
22	23	1	1	2	3	52	78728	52	78728	0.00382181	0.00165861	0.00301952	0.0100444	1514	0	1514	1514	
22	23	1	2	1	3	121	69547	121	69547	0.00323425	0.000474976	0.00302144	0.00604028	574.769	618.518	133	1596	
23	24	1	1	2	3	46	69644	46	69644	0.0033779	0.000509089	0.00301952	0.00498223	1514	0	1514	1514	
23	24	1	2	1	3	198	121735	198	121735	0.00319506	0.00043468	0.00301169	0.00606619	614.823	624.563	133	1595	
24	25	1	1	2	3	80	121120	80	121120	0.00389977	0.000914968	0.00301952	0.00694419	1514	0	1514	1514	
24	25	1	2	1	3	101	63659	101	63659	0.00350117	0.0022616	0.00300251	0.0190648	630.287	673.408	133	1596	
25	26	1	1	2	3	173	261922	173	261922	0.00435791	0.00106623	0.00303195	0.00787035	1514	0	1514	1514	
25	26	1	2	1	3	433	250328	433	250328	0.00397129	0.00702606	0.00301449	0.0870634	578.125	622.742	133	1596	
26	27	1	1	2	3	131	198334	131	198334	0.00482057	0.00212543	0.00301776	0.0138579	1514	0	1514	1514	
26	27	1	2	1	3	308	179681	306	179415	0.00365634	0.00499867	0.00301556	0.0890442	586.324	676.661	133	1596	
27	28	1	1	2	3	114	172596	114	172596	0.00350667	0.000561388	0.00303195	0.00500709	1514	0	1514	1514	
27	28	1	2	1	3	285	163191	287	163457	0.00327929	0.000960258	0.00301168	0.0170648	569.537	668.027	133	1596	
28	29	1	1	2	3	75	113550	75	113550	0.00340095	0.00046834	0.00301952	0.00403195	1514	0	1514	1514	
28	29	1	2	1	3	247	139445	247	139445	0.00351372	0.00408628	0.00301014	0.0640648	564.555	667.523	133	1596	
29	30	1	1	2	3	60	90840	60	90840	0.00357468	0.000678013	0.00301952	0.00595737	1514	0	1514	1514	
29	30	1	2	1	3	338	186657	338	186657	0.00338392	0.00243953	0.00302605	0.0350648	552.24	658.261	133	1596	
30	31	1	1	2	3	143	216502	143	216502	0.00406576	0.000960879	0.00301952	0.00700709	1514	0	1514	1514	
30	31	1	2	1	3	347	202259	347	202259	0.00591823	0.0120533	0.00301328	0.0600671	582.879	623.454	133	1594	
31	32	1	1	2	3	63	95382	63	95382	0.00394587	0.00100083	0.003031	0.00732203	1514	0	1514	1514	
31	32	1	2	1	3	185	114489	185	114489	0.00368693	0.00130647	0.00300583	0.0100417	618.859	682.987	133	1596	
32	33	1	1	2	3	26	39364	26	39364	0.00311541	0.000264512	0.00301952	0.00403195	1514	0	1514	1514	
32	33	1	2	1	3	451	256800	451	256800	0.00345379	0.00158295	0.00301644	0.0210646	569.401	626.619	133	1602	
33	34	1	1	2	3	75	113550	75	113550	0.0036589	0.000608527	0.00301952	0.00499466	1514	0	1514	1514	
33	34	1	2	1	3	518	316315	518	316315	0.00345052	0.00298485	0.00300266	0.0450654	610.647	657.884	141	1640	
34	35	1	1	2	3	104	157456	104	157456	0.00433244	0.00231587	0.00301952	0.0109947	1514	0	1514	1514	
34	35	1	2	1	3	359	232144	359	232144	0.00401068	0.00608262	0.00300591	0.0810595	646.641	678.942	177	1652	
35	36	1	1	2	3	43	65102	43	65102	0.00319561	0.00035661	0.00301952	0.00399466	1514	0	1514	1514	
35	36	1	2	1	3	255	176682	255	176682	0.00321551	0.000479153	0.00301368	0.00603947	692.871	689.292	189	1660	
36	37	1	1	2	3	93	140802	93	140802	0.00375793	0.000939471	0.00301952	0.0100444	1514	0	1514	1514	
36	37	1	2	1	3	110	73735	110	73735	0.00424256	0.00706343	0.00300473	0.0670446	670.318	666.729	197	1671	
37	38	1	1	2	3	102	154428	102	154428	0.00456223	0.00119974	0.00301877	0.00790764	1514	0	1514	1514	
37	38	1	2	1	3	255	177340	255	177340	0.00355803	0.00143336	0.00301037	0.0120641	695.451	657.728	209	1680	
38	39	1	1	2	3	130	196820	130	196820	0.00410319	0.00130078	0.00301952	0.00804439	1514	0	1514	1514	
38	39	1	2	1	3	234	148874	234	148874	0.00321524	0.000534616	0.00302004	0.00605629	636.214	625.994	217	1680	
39	40	1	1	2	3	178	269492	178	269492	0.00511068	0.00223398	0.00301952	0.0118828	1514	0	1514	1514	
39	40	1	2	1	3	394	265814	394	265814	0.00332632	0.00100886	0.00301524	0.0150621	674.655	639.429	217	1680	
40	41	1	1	2	3	157	237698	157	237698	0.00427712	0.00106516	0.00301952	0.00895737	1514	0	1514	1514	
40	41	1	2	1	3	1	82	1	82	0.00799827	0	0.00799827	0.00799827	82	0	82	82	
