% start	end	CellId	IMSI	RNTI	LCID	nTxPDUs	TxBytes	nRxPDUs	RxBytes	delay	stdDev	min	max	PduSize	stdDev	min	max
1	2	1	1	2	3	205	12082	205	12082	0.0446213	0.0337604	0.00792857	0.122929	58.9366	4.62526	54	70	
1	2	1	2	1	3	449	22020	449	22020	0.035933	0.028057	0.00492857	0.333929	49.0423	7.99109	41	66	
2	3	1	1	2	3	161	9214	161	9214	0.0936739	0.121624	0.00492857	0.323929	57.2298	3.9374	54	62	
2	3	1	2	1	3	580	31532	513	28134	0.0852911	0.0843306	0.00492857	0.273929	54.8421	12.7046	42	72	
3	4	1	1	2	3	67	3786	64	3624	0.0526004	0.0328735	0.0119286	0.167929	56.625	5.15013	54	70	
3	4	1	2	1	3	429	22862	401	20873	0.0599261	0.0693481	0.00492857	0.207929	52.0524	13.3793	42	72	
4	5	1	1	2	3	34	1836	32	1728	0.0597411	0.0680789	0.0119286	0.202929	54	0	54	54	
4	5	1	2	1	3	309	17089	340	18993	0.350549	0.224719	0.00492857	0.662929	55.8618	14.8823	42	76	
5	6	1	1	2	3	32	1816	34	1924	0.087458	0.132802	0.0119286	0.413929	56.5882	3.79886	54	62	
5	6	1	2	1	3	252	14878	273	16040	0.113643	0.0977374	0.00492857	0.284929	58.7546	18.4676	42	84	
6	7	1	1	2	3	39	2106	42	2268	0.0530238	0.0743268	0.0119286	0.242929	54	0	54	54	
6	7	1	2	1	3	236	13177	209	11644	0.204598	0.0937194	0.0889286	0.364929	55.7129	18.9672	42	84	
7	8	1	1	2	3	70	3780	70	3780	0.0534	0.0537635	0.0109286	0.166929	54	0	54	54	
7	8	1	2	1	3	235	13098	211	11963	0.214071	0.187666	0.0359286	0.727929	56.6967	19.2407	42	84	
8	9	1	1	2	3	53	2910	42	2268	0.147881	0.0871875	0.0119286	0.236929	54	0	54	54	
8	9	1	2	1	3	1552	92398	1637	96915	0.088223	0.1464	0.00492857	0.875929	59.2028	20.4577	42	90	
9	10	1	1	2	3	58	3316	69	3958	0.0693344	0.0831079	0.0119286	0.243929	57.3623	4.20773	54	70	
9	10	1	2	1	3	1393	87506	1157	71317	0.0834005	0.0508277	0.00492857	0.175929	61.6396	25.1982	42	100	
10	11	1	1	2	3	105	5670	96	5184	0.0326057	0.0197407	0.0109286	0.0749286	54	0	54	54	
10	11	1	2	1	3	545	39992	533	36477	0.433846	0.123458	0.0909286	0.561929	68.4371	31.6244	42	112	
11	12	1	1	2	3	103	5746	112	6232	0.0446875	0.0328588	0.00692857	0.113929	55.6429	3.24622	54	62	
11	12	1	2	1	3	937	66754	1119	80980	0.244194	0.167748	0.0259286	0.550929	72.3682	36.2125	42	122	
12	13	1	1	2	3	60	3240	53	2862	0.0722493	0.0425078	0.0119286	0.122929	54	0	54	54	
12	13	1	2	1	3	388	24240	322	20235	0.220575	0.232796	0.00492857	0.675929	62.8416	36.6354	42	132	
13	14	1	1	2	3	85	4742	92	5120	0.0474394	0.0547467	0.0109286	0.163929	55.6522	3.25622	54	62	
13	14	1	2	1	3	895	71417	921	74252	0.104012	0.0903821	0.00492857	0.281929	80.6211	44.613	42	136	
14	15	1	1	2	3	46	2484	46	2484	0.0721677	0.0583336	0.0109286	0.202929	54	0	54	54	
14	15	1	2	1	3	352	24869	415	28339	0.261774	0.181166	0.0279286	0.531929	68.2867	41.5106	42	136	
15	16	1	1	2	3	72	4024	69	3862	0.0638126	0.0536622	0.0109286	0.162929	55.971	3.47246	54	62	
15	16	1	2	1	3	391	30746	384	29990	0.0877749	0.0614183	0.00492857	0.181929	78.099	44.9032	42	136	
16	17	1	1	2	3	30	1700	33	1862	0.0819892	0.0888323	0.0109286	0.273929	56.4242	3.73355	54	62	
16	17	1	2	1	3	246	18673	255	19883	0.125352	0.0946569	0.00492857	0.271929	77.9725	44.8755	42	136	
17	18	1	1	2	3	24	1296	24	1296	0.0953036	0.0950056	0.0109286	0.282929	54	0	54	54	
17	18	1	2	1	3	527	40856	521	38575	0.0992817	0.0563102	0.00492857	0.208929	74.0403	43.7721	42	136	
18	19	1	1	2	3	62	3348	62	3348	0.0479286	0.0612488	0.00692857	0.217929	54	0	54	54	
18	19	1	2	1	3	463	33842	441	33100	0.0642438	0.057228	0.00492857	0.163929	75.0567	44.0757	42	136	
19	20	1	1	2	3	55	3162	55	3162	0.0696013	0.0565712	0.0119286	0.162929	57.4909	4.00404	54	62	
19	20	1	2	1	3	311	25177	389	31396	0.210661	0.11276	0.00492857	0.523929	80.7095	45.4018	42	136	
20	21	1	1	2	3	24	1296	21	1134	0.0520714	0.0616801	0.0119286	0.233929	54	0	54	54	
20	21	1	2	1	3	467	36044	403	31063	0.113291	0.0779131	0.00492857	0.208929	77.0794	44.664	42	137	
21	22	1	1	2	3	40	2248	41	2302	0.067831	0.0552312	0.0119286	0.154929	56.1463	3.5886	54	62	
21	22	1	2	1	3	400	32856	429	34997	0.144521	0.115923	0.00492857	0.305929	81.5781	45.5078	42	136	
22	23	1	1	2	3	30	1684	31	1738	0.0443479	0.0396609	0.0119286	0.122929	56.0645	3.55842	54	62	
22	23	1	2	1	3	240	17153	218	14568	0.156415	0.0688441	0.00492857	0.243929	66.8257	40.8506	42	136	
23	24	1	1	2	3	23	1242	21	1134	0.0434524	0.047772	0.0119286	0.171929	54	0	54	54	
23	24	1	2	1	3	304	22961	311	24362	0.174932	0.140675	0.0119286	0.454929	78.3344	44.9966	42	136	
24	25	1	1	2	3	41	2214	39	2106	0.0848516	0.0904336	0.0119286	0.282929	54	0	54	54	
24	25	1	2	1	3	232	17836	282	21860	0.243436	0.15335	0.00492957	0.465929	77.5177	44.8287	42	136	
25	26	1	1	2	3	87	4698	92	4968	0.0356677	0.0447601	0.00992857	0.170929	54	0	54	54	
25	26	1	2	1	3	808	64487	689	51867	0.0770432	0.0504549	0.00492857	0.178929	75.2787	44.1323	42	136	
26	27	1	1	2	3	82	4668	82	4668	0.0548432	0.047973	0.00692857	0.183929	56.9268	3.87706	54	62	
26	27	1	2	1	3	704	52507	644	53026	0.201837	0.151398	0.00492857	0.43393	82.3385	45.5964	42	136	
27	28	1	1	2	3	57	3078	52	2808	0.0189093	0.0110462	0.0119286	0.0499286	54	0	54	54	
27	28	1	2	1	3	618	53065	586	46558	0.177331	0.197804	0.00492857	0.574929	79.4505	45.1659	42	136	
28	29	1	1	2	3	44	2472	45	2526	0.0351063	0.0348355	0.0119286	0.113929	56.1333	3.57771	54	62	
28	29	1	2	1	3	545	40259	518	41875	0.38833	0.225981	0.00492857	0.641929	80.8398	45.4282	42	136	
29	30	1	1	2	3	33	1782	37	1998	0.076334	0.105677	0.0119286	0.362929	54	0	54	54	
29	30	1	2	1	3	712	48984	843	59376	0.344539	0.220905	0.0389286	0.682929	70.4342	42.488	42	136	
30	31	1	1	2	3	72	3888	65	3510	0.037667	0.0309563	0.00592857	0.133929	54	0	54	54	
30	31	1	2	1	3	456	36386	476	34739	0.191794	0.10089	0.00492857	0.345929	72.9811	43.3828	42	137	
31	32	1	1	2	3	52	3136	53	3150	0.0827776	0.0747312	0.00992857	0.241929	59.434	3.76987	54	62	
31	32	1	2	1	3	429	33000	482	38429	0.292902	0.156435	0.00492857	0.497929	79.7282	45.2332	42	136	
32	33	1	1	2	3	13	702	17	958	0.0677521	0.0290844	0.0119286	0.104929	56.3529	3.75735	54	62	
32	33	1	2	1	3	882	65283	739	55074	0.172289	0.0929617	0.0439286	0.518929	74.525	43.9175	42	136	
33	34	1	1	2	3	38	2052	40	2160	0.0469036	0.0378143	0.0109286	0.162929	54	0	54	54	
33	34	1	2	1	3	1052	84945	1026	79705	0.134306	0.0761614	0.00492857	0.266929	77.6852	44.757	42	136	
34	35	1	1	2	3	63	3570	62	3516	0.0307028	0.034563	0.00592857	0.105929	56.7097	3.81708	54	62	
34	35	1	2	1	3	784	65337	757	64396	0.196872	0.14585	0.0169286	0.507929	85.0674	45.8615	42	136	
35	36	1	1	2	3	22	1188	20	1080	0.0441286	0.0403232	0.0119286	0.162929	54	0	54	54	
35	36	1	2	1	3	357	26993	468	36711	0.370089	0.15357	0.100929	0.651929	78.4423	44.9217	42	136	
36	37	1	1	2	3	47	2538	45	2430	0.0588175	0.0626162	0.0109286	0.202929	54	0	54	54	
36	37	1	2	1	3	122	13216	241	22706	0.358592	0.113986	0.00492857	0.599929	94.2158	45.5926	42	136	
37	38	1	1	2	3	52	2808	49	2646	0.0513163	0.067381	0.00892857	0.202929	54	0	54	54	
37	38	1	2	1	3	556	42718	450	33402	0.143773	0.110652	0.00492857	0.350929	74.2267	43.861	42	136	
38	39	1	1	2	3	72	3888	74	3996	0.0849015	0.147858	0.00992857	0.473929	54	0	54	54	
38	39	1	2	1	3	432	29328	538	38644	0.195871	0.114669	0.0149286	0.471929	71.829	43.0028	42	136	
39	40	1	1	2	3	89	4806	86	4644	0.04351	0.0273777	0.00992857	0.0829286	54	0	54	54	
39	40	1	2	1	3	811	60839	644	51085	0.141599	0.114942	0.00492857	0.364929	79.3245	45.1048	42	136	
40	41	1	1	2	3	79	4266	77	4158	0.0903312	0.0596497	0.0119286	0.202929	54	0	54	54	
40	41	1	2	1	3	2	218	169	9972	0.517568	0.0613387	0.394929	0.612929	59.0059	35.5083	42	136	
