% time	cellId	IMSI	RNTI	sinrLinear	componentCarrierId
0.041	1	2	1	2.9699	0
0.042	1	1	2	3.27897	0
0.081	1	2	1	1.72729	0
0.082	1	1	2	3.55109	0
0.121	1	2	1	5.2696	0
0.122	1	1	2	4.32361	0
0.161	1	2	1	2.79091	0
0.162	1	1	2	3.57572	0
0.201	1	2	1	5.51329	0
0.202	1	1	2	2.41417	0
0.241	1	2	1	6.91887	0
0.242	1	1	2	4.38679	0
0.281	1	2	1	5.43722	0
0.282	1	1	2	7.41408	0
0.321	1	2	1	3.9004	0
0.322	1	1	2	2.97828	0
0.361	1	2	1	5.52069	0
0.362	1	1	2	5.70888	0
0.401	1	2	1	3.13474	0
0.402	1	1	2	9.03847	0
0.441	1	2	1	2.16653	0
0.442	1	1	2	3.87684	0
0.481	1	2	1	4.63632	0
0.482	1	1	2	1.81317	0
0.521	1	2	1	8.35003	0
0.522	1	1	2	2.91923	0
0.561	1	2	1	3.43267	0
0.562	1	1	2	2.98972	0
0.601	1	2	1	1.68646	0
0.602	1	1	2	4.01673	0
0.641	1	2	1	4.98567	0
0.642	1	1	2	7.62082	0
0.681	1	2	1	5.43415	0
0.682	1	1	2	2.13811	0
0.721	1	2	1	7.66803	0
0.722	1	1	2	3.37456	0
0.761	1	2	1	2.00846	0
0.762	1	1	2	4.01607	0
0.801	1	2	1	4.28058	0
0.802	1	1	2	3.98586	0
0.841	1	2	1	5.03686	0
0.842	1	1	2	2.18349	0
0.881	1	2	1	11.3315	0
0.882	1	1	2	2.72068	0
0.921	1	2	1	5.20358	0
0.922	1	1	2	2.53934	0
0.961	1	2	1	2.63342	0
0.962	1	1	2	2.4027	0
1.001	1	2	1	2.82189	0
1.002	1	1	2	3.18204	0
1.041	1	2	1	1.89824	0
1.042	1	1	2	2.83359	0
1.081	1	2	1	7.9133	0
1.082	1	1	2	3.70685	0
1.121	1	2	1	3.32893	0
1.122	1	1	2	3.12429	0
1.161	1	2	1	2.86849	0
1.162	1	1	2	5.13112	0
1.201	1	2	1	2.8955	0
1.202	1	1	2	8.77819	0
1.241	1	2	1	3.67262	0
1.242	1	1	2	2.91014	0
1.281	1	2	1	2.77051	0
1.282	1	1	2	6.31418	0
1.321	1	2	1	7.36577	0
1.322	1	1	2	5.04589	0
1.361	1	2	1	11.233	0
1.362	1	1	2	6.82759	0
1.401	1	2	1	3.77107	0
1.402	1	1	2	2.52292	0
1.441	1	2	1	4.43049	0
1.442	1	1	2	1.61794	0
1.481	1	2	1	6.11478	0
1.482	1	1	2	2.86632	0
1.521	1	2	1	2.28438	0
1.522	1	1	2	3.26881	0
1.561	1	2	1	2.5968	0
1.562	1	1	2	4.21237	0
1.601	1	2	1	3.07033	0
1.602	1	1	2	2.50003	0
1.641	1	2	1	4.73664	0
1.642	1	1	2	4.8907	0
1.681	1	2	1	4.25628	0
1.682	1	1	2	7.77166	0
1.721	1	2	1	3.28823	0
1.722	1	1	2	3.68425	0
1.761	1	2	1	3.62364	0
1.762	1	1	2	5.87582	0
1.801	1	2	1	3.17316	0
1.802	1	1	2	7.27127	0
1.841	1	2	1	4.42822	0
1.842	1	1	2	3.04913	0
1.881	1	2	1	2.7951	0
1.882	1	1	2	1.75779	0
1.921	1	2	1	3.65464	0
1.922	1	1	2	5.31914	0
1.961	1	2	1	6.20965	0
1.962	1	1	2	4.34672	0
2.001	1	2	1	11.273	0
2.002	1	1	2	6.24345	0
2.041	1	2	1	6.65721	0
2.042	1	1	2	3.138	0
2.081	1	2	1	5.22769	0
2.082	1	1	2	1.64351	0
2.121	1	2	1	4.65628	0
2.122	1	1	2	3.48102	0
2.161	1	2	1	3.61004	0
2.162	1	1	2	4.96844	0
2.201	1	2	1	8.14223	0
2.202	1	1	2	3.29177	0
2.241	1	2	1	5.42383	0
2.242	1	1	2	4.73649	0
2.281	1	2	1	5.22215	0
2.282	1	1	2	5.1047	0
2.321	1	2	1	7.92914	0
2.322	1	1	2	2.12769	0
2.361	1	2	1	1.67592	0
2.362	1	1	2	4.51862	0
2.401	1	2	1	3.82091	0
2.402	1	1	2	1.2582	0
2.441	1	2	1	3.68939	0
2.442	1	1	2	3.36465	0
2.481	1	2	1	3.69586	0
2.482	1	1	2	3.56044	0
2.521	1	2	1	6.15972	0
2.522	1	1	2	5.99949	0
2.561	1	2	1	5.90995	0
2.562	1	1	2	4.38655	0
2.601	1	2	1	3.59377	0
2.602	1	1	2	7.39223	0
2.641	1	2	1	2.61315	0
2.642	1	1	2	2.00955	0
2.681	1	2	1	8.88754	0
2.682	1	1	2	6.01681	0
2.721	1	2	1	4.38042	0
2.722	1	1	2	4.39216	0
2.761	1	2	1	4.53769	0
2.762	1	1	2	2.40691	0
2.801	1	2	1	1.41631	0
2.802	1	1	2	3.63039	0
2.841	1	2	1	10.0418	0
2.842	1	1	2	2.70341	0
2.881	1	2	1	11.4616	0
2.882	1	1	2	9.22047	0
2.921	1	2	1	2.54451	0
2.922	1	1	2	6.03522	0
2.961	1	2	1	5.7724	0
2.962	1	1	2	7.56016	0
3.001	1	2	1	2.30584	0
3.002	1	1	2	1.77534	0
3.041	1	2	1	2.12461	0
3.042	1	1	2	2.948	0
3.081	1	2	1	2.54921	0
3.082	1	1	2	6.69344	0
3.121	1	2	1	3.12968	0
3.122	1	1	2	2.33014	0
3.161	1	2	1	5.83285	0
3.162	1	1	2	1.91781	0
3.201	1	2	1	5.5761	0
3.202	1	1	2	3.04236	0
3.241	1	2	1	2.28176	0
3.242	1	1	2	3.73956	0
3.281	1	2	1	3.46733	0
3.282	1	1	2	3.03019	0
3.321	1	2	1	3.41857	0
3.322	1	1	2	1.13583	0
3.361	1	2	1	4.35872	0
3.362	1	1	2	4.92258	0
3.401	1	2	1	3.65212	0
3.402	1	1	2	3.14642	0
3.441	1	2	1	1.24251	0
3.442	1	1	2	2.28584	0
3.481	1	2	1	2.70487	0
3.482	1	1	2	2.31877	0
3.521	1	2	1	6.37321	0
3.522	1	1	2	1.85694	0
3.561	1	2	1	2.40611	0
3.562	1	1	2	5.82388	0
3.601	1	2	1	4.88206	0
3.602	1	1	2	4.25669	0
3.641	1	2	1	7.34635	0
3.642	1	1	2	2.5101	0
3.681	1	2	1	4.51975	0
3.682	1	1	2	3.92214	0
3.721	1	2	1	4.81077	0
3.722	1	1	2	2.93098	0
3.761	1	2	1	1.99292	0
3.762	1	1	2	8.86458	0
3.801	1	2	1	9.55346	0
3.802	1	1	2	6.16279	0
3.841	1	2	1	1.49626	0
3.842	1	1	2	7.63791	0
3.881	1	2	1	3.66627	0
3.882	1	1	2	2.19831	0
3.921	1	2	1	2.86198	0
3.922	1	1	2	3.77152	0
3.961	1	2	1	1.74824	0
3.962	1	1	2	2.81817	0
4.001	1	2	1	3.10665	0
4.002	1	1	2	3.52258	0
4.041	1	2	1	3.07004	0
4.042	1	1	2	3.18786	0
4.081	1	2	1	5.83592	0
4.082	1	1	2	1.76395	0
4.121	1	2	1	3.77134	0
4.122	1	1	2	2.65809	0
4.161	1	2	1	3.26917	0
4.162	1	1	2	8.02494	0
4.201	1	2	1	8.7758	0
4.202	1	1	2	3.90959	0
4.241	1	2	1	5.40595	0
4.242	1	1	2	3.54448	0
4.281	1	2	1	1.77479	0
4.282	1	1	2	4.01694	0
4.321	1	2	1	3.99505	0
4.322	1	1	2	6.7224	0
4.361	1	2	1	4.3325	0
4.362	1	1	2	2.70376	0
4.401	1	2	1	11.0633	0
4.402	1	1	2	0.86861	0
4.441	1	2	1	8.30357	0
4.442	1	1	2	2.25133	0
4.481	1	2	1	7.32873	0
4.482	1	1	2	1.89929	0
4.521	1	2	1	2.76829	0
4.522	1	1	2	3.33718	0
4.561	1	2	1	4.2401	0
4.562	1	1	2	3.53444	0
4.601	1	2	1	1.72755	0
4.602	1	1	2	6.33076	0
4.641	1	2	1	3.84739	0
4.642	1	1	2	2.97971	0
4.681	1	2	1	8.97212	0
4.682	1	1	2	1.29116	0
4.721	1	2	1	3.62947	0
4.722	1	1	2	2.27781	0
4.761	1	2	1	2.93584	0
4.762	1	1	2	2.38868	0
4.801	1	2	1	2.68858	0
4.802	1	1	2	2.40302	0
4.841	1	2	1	4.87284	0
4.842	1	1	2	3.70188	0
4.881	1	2	1	4.57151	0
4.882	1	1	2	7.81453	0
4.921	1	2	1	3.67977	0
4.922	1	1	2	3.18023	0
4.961	1	2	1	4.84423	0
4.962	1	1	2	5.90162	0
5.001	1	2	1	6.60642	0
5.002	1	1	2	1.44761	0
5.041	1	2	1	4.92312	0
5.042	1	1	2	7.0317	0
5.081	1	2	1	2.20518	0
5.082	1	1	2	2.49066	0
5.121	1	2	1	7.22307	0
5.122	1	1	2	5.24685	0
5.161	1	2	1	5.04768	0
5.162	1	1	2	4.97725	0
5.201	1	2	1	5.42298	0
5.202	1	1	2	5.73765	0
5.241	1	2	1	9.30184	0
5.242	1	1	2	6.8367	0
5.281	1	2	1	1.82893	0
5.282	1	1	2	4.53767	0
5.321	1	2	1	3.81885	0
5.322	1	1	2	6.31896	0
5.361	1	2	1	3.95395	0
5.362	1	1	2	3.20162	0
5.401	1	2	1	4.27473	0
5.402	1	1	2	1.69899	0
5.441	1	2	1	2.67282	0
5.442	1	1	2	6.98343	0
5.481	1	2	1	1.60164	0
5.482	1	1	2	5.56793	0
5.521	1	2	1	5.37561	0
5.522	1	1	2	8.43117	0
5.561	1	2	1	1.88988	0
5.562	1	1	2	3.36523	0
5.601	1	2	1	4.52106	0
5.602	1	1	2	5.63828	0
5.641	1	2	1	1.07639	0
5.642	1	1	2	2.50333	0
5.681	1	2	1	3.16811	0
5.682	1	1	2	10.3645	0
5.721	1	2	1	4.76447	0
5.722	1	1	2	2.22086	0
5.761	1	2	1	8.42421	0
5.762	1	1	2	1.92867	0
5.801	1	2	1	1.88024	0
5.802	1	1	2	9.77891	0
5.841	1	2	1	5.18497	0
5.842	1	1	2	3.90462	0
5.881	1	2	1	9.31224	0
5.882	1	1	2	13.1313	0
5.921	1	2	1	4.17589	0
5.922	1	1	2	2.67093	0
5.961	1	2	1	4.49337	0
5.962	1	1	2	0.625451	0
6.001	1	2	1	1.96428	0
6.002	1	1	2	1.9918	0
6.041	1	2	1	2.57654	0
6.042	1	1	2	3.60084	0
6.081	1	2	1	2.78794	0
6.082	1	1	2	1.51662	0
6.121	1	2	1	2.42703	0
6.122	1	1	2	3.43045	0
6.161	1	2	1	5.25056	0
6.162	1	1	2	5.88903	0
6.201	1	2	1	12.8458	0
6.202	1	1	2	1.79219	0
6.241	1	2	1	1.41467	0
6.242	1	1	2	1.71871	0
6.281	1	2	1	4.13806	0
6.282	1	1	2	2.80838	0
6.321	1	2	1	3.50011	0
6.322	1	1	2	3.78859	0
6.361	1	2	1	5.86944	0
6.362	1	1	2	4.72554	0
6.401	1	2	1	5.44223	0
6.402	1	1	2	5.33109	0
6.441	1	2	1	4.13775	0
6.442	1	1	2	5.22297	0
6.481	1	2	1	2.92672	0
6.482	1	1	2	3.89145	0
6.521	1	2	1	3.28614	0
6.522	1	1	2	3.57828	0
6.561	1	2	1	2.0483	0
6.562	1	1	2	1.6524	0
6.601	1	2	1	3.91165	0
6.602	1	1	2	5.39015	0
6.641	1	2	1	5.19515	0
6.642	1	1	2	10.1438	0
6.681	1	2	1	3.24557	0
6.682	1	1	2	5.33635	0
6.721	1	2	1	4.66145	0
6.722	1	1	2	2.43588	0
6.761	1	2	1	5.30404	0
6.762	1	1	2	5.23961	0
6.801	1	2	1	1.9337	0
6.802	1	1	2	5.56737	0
6.841	1	2	1	4.76522	0
6.842	1	1	2	10.7273	0
6.881	1	2	1	1.22197	0
6.882	1	1	2	6.14718	0
6.921	1	2	1	3.05415	0
6.922	1	1	2	10.0379	0
6.961	1	2	1	3.70388	0
6.962	1	1	2	1.48098	0
7.001	1	2	1	4.60357	0
7.002	1	1	2	3.73586	0
7.041	1	2	1	4.70772	0
7.042	1	1	2	4.13422	0
7.081	1	2	1	9.38669	0
7.082	1	1	2	3.67346	0
7.121	1	2	1	3.41696	0
7.122	1	1	2	2.40628	0
7.161	1	2	1	3.57863	0
7.162	1	1	2	4.47458	0
7.201	1	2	1	5.82163	0
7.202	1	1	2	7.52155	0
7.241	1	2	1	3.21762	0
7.242	1	1	2	3.11416	0
7.281	1	2	1	2.66301	0
7.282	1	1	2	5.80954	0
7.321	1	2	1	10.1954	0
7.322	1	1	2	8.79176	0
7.361	1	2	1	5.17783	0
7.362	1	1	2	3.6913	0
7.401	1	2	1	1.55531	0
7.402	1	1	2	1.74263	0
7.441	1	2	1	3.21715	0
7.442	1	1	2	4.79446	0
7.481	1	2	1	5.35673	0
7.482	1	1	2	6.03127	0
7.521	1	2	1	2.4424	0
7.522	1	1	2	3.41459	0
7.561	1	2	1	1.86958	0
7.562	1	1	2	4.30206	0
7.601	1	2	1	3.24625	0
7.602	1	1	2	2.89377	0
7.641	1	2	1	5.99455	0
7.642	1	1	2	4.48326	0
7.681	1	2	1	2.18948	0
7.682	1	1	2	1.0379	0
7.721	1	2	1	2.14907	0
7.722	1	1	2	8.07471	0
7.761	1	2	1	3.28014	0
7.762	1	1	2	2.58054	0
7.801	1	2	1	3.45344	0
7.802	1	1	2	4.07163	0
7.841	1	2	1	3.10035	0
7.842	1	1	2	1.61481	0
7.881	1	2	1	0.867007	0
7.882	1	1	2	4.9397	0
7.921	1	2	1	4.64959	0
7.922	1	1	2	4.21835	0
7.961	1	2	1	3.74472	0
7.962	1	1	2	2.97852	0
8.001	1	2	1	4.73383	0
8.002	1	1	2	11.4372	0
8.041	1	2	1	3.45443	0
8.042	1	1	2	2.63637	0
8.081	1	2	1	7.29737	0
8.082	1	1	2	5.64163	0
8.121	1	2	1	6.72121	0
8.122	1	1	2	3.99901	0
8.161	1	2	1	7.55792	0
8.162	1	1	2	3.19151	0
8.201	1	2	1	2.77345	0
8.202	1	1	2	3.87296	0
8.241	1	2	1	2.65461	0
8.242	1	1	2	2.25159	0
8.281	1	2	1	3.00584	0
8.282	1	1	2	3.13131	0
8.321	1	2	1	5.31173	0
8.322	1	1	2	5.41849	0
8.361	1	2	1	9.63724	0
8.362	1	1	2	1.2037	0
8.401	1	2	1	5.31439	0
8.402	1	1	2	6.30122	0
8.441	1	2	1	2.80251	0
8.442	1	1	2	2.54717	0
8.481	1	2	1	2.40437	0
8.482	1	1	2	5.07374	0
8.521	1	2	1	4.39216	0
8.522	1	1	2	3.92214	0
8.561	1	2	1	2.40691	0
8.562	1	1	2	2.93098	0
8.601	1	2	1	3.63039	0
8.602	1	1	2	8.86458	0
8.641	1	2	1	2.70341	0
8.642	1	1	2	6.16279	0
8.681	1	2	1	9.22047	0
8.682	1	1	2	7.63791	0
8.721	1	2	1	6.03522	0
8.722	1	1	2	2.19831	0
8.761	1	2	1	7.56016	0
8.762	1	1	2	3.77152	0
8.801	1	2	1	2.03878	0
8.802	1	1	2	2.81817	0
8.841	1	2	1	4.14452	0
8.842	1	1	2	4.12317	0
8.881	1	2	1	2.94457	0
8.882	1	1	2	8.58278	0
8.921	1	2	1	3.82226	0
8.922	1	1	2	5.77302	0
8.961	1	2	1	7.94636	0
8.962	1	1	2	4.32032	0
9.001	1	2	1	8.29315	0
9.002	1	1	2	2.87472	0
9.041	1	2	1	2.00028	0
9.042	1	1	2	1.99827	0
9.081	1	2	1	3.26882	0
9.082	1	1	2	4.77366	0
9.121	1	2	1	3.43398	0
9.122	1	1	2	5.36359	0
9.161	1	2	1	2.22207	0
9.162	1	1	2	3.42206	0
9.201	1	2	1	2.50926	0
9.202	1	1	2	3.87328	0
9.241	1	2	1	3.85222	0
9.242	1	1	2	2.35281	0
9.281	1	2	1	4.34887	0
9.282	1	1	2	3.42289	0
9.321	1	2	1	3.0488	0
9.322	1	1	2	2.30079	0
9.361	1	2	1	4.48161	0
9.362	1	1	2	3.15459	0
9.401	1	2	1	3.69554	0
9.402	1	1	2	4.96349	0
9.441	1	2	1	2.31955	0
9.442	1	1	2	8.87093	0
9.481	1	2	1	3.56719	0
9.482	1	1	2	2.31266	0
9.521	1	2	1	1.42077	0
9.522	1	1	2	5.44799	0
9.561	1	2	1	8.01264	0
9.562	1	1	2	2.87088	0
9.601	1	2	1	11.3558	0
9.602	1	1	2	3.7999	0
9.641	1	2	1	2.93165	0
9.642	1	1	2	1.56416	0
9.681	1	2	1	8.39167	0
9.682	1	1	2	7.56465	0
9.721	1	2	1	5.00428	0
9.722	1	1	2	2.42056	0
9.761	1	2	1	1.81198	0
9.762	1	1	2	3.35117	0
9.801	1	2	1	4.13097	0
9.802	1	1	2	2.22401	0
9.841	1	2	1	1.99219	0
9.842	1	1	2	6.57078	0
9.881	1	2	1	3.46639	0
9.882	1	1	2	3.51937	0
9.921	1	2	1	2.22278	0
9.922	1	1	2	3.05007	0
9.961	1	2	1	3.84588	0
9.962	1	1	2	3.55941	0
10.001	1	2	1	9.20094	0
10.002	1	1	2	7.41878	0
10.041	1	2	1	5.7192	0
10.042	1	1	2	5.46523	0
10.081	1	2	1	3.72413	0
10.082	1	1	2	4.59379	0
10.121	1	2	1	2.96853	0
10.122	1	1	2	6.06888	0
10.161	1	2	1	2.34693	0
10.162	1	1	2	2.67397	0
10.201	1	2	1	3.34247	0
10.202	1	1	2	13.4198	0
10.241	1	2	1	5.15191	0
10.242	1	1	2	1.70216	0
10.281	1	2	1	2.13256	0
10.282	1	1	2	2.46141	0
10.321	1	2	1	4.41168	0
10.322	1	1	2	9.18697	0
10.361	1	2	1	1.50613	0
10.362	1	1	2	5.19816	0
10.401	1	2	1	1.09458	0
10.402	1	1	2	9.55204	0
10.441	1	2	1	4.81152	0
10.442	1	1	2	2.38892	0
10.481	1	2	1	2.33092	0
10.482	1	1	2	1.09477	0
10.521	1	2	1	4.0795	0
10.522	1	1	2	3.89362	0
10.561	1	2	1	6.37879	0
10.562	1	1	2	5.84994	0
10.601	1	2	1	8.75291	0
10.602	1	1	2	3.01049	0
10.641	1	2	1	3.83328	0
10.642	1	1	2	2.33531	0
10.681	1	2	1	1.33033	0
10.682	1	1	2	10.7277	0
10.721	1	2	1	2.23942	0
10.722	1	1	2	5.1527	0
10.761	1	2	1	3.678	0
10.762	1	1	2	1.58658	0
10.801	1	2	1	3.26316	0
10.802	1	1	2	2.80879	0
10.841	1	2	1	4.87906	0
10.842	1	1	2	5.8762	0
10.881	1	2	1	3.98165	0
10.882	1	1	2	11.1377	0
10.921	1	2	1	3.01206	0
10.922	1	1	2	5.88965	0
10.961	1	2	1	3.26402	0
10.962	1	1	2	8.6611	0
11.001	1	2	1	1.95715	0
11.002	1	1	2	6.03719	0
11.041	1	2	1	6.13322	0
11.042	1	1	2	2.06443	0
11.081	1	2	1	3.76465	0
11.082	1	1	2	3.87574	0
11.121	1	2	1	3.01185	0
11.122	1	1	2	9.17463	0
11.161	1	2	1	3.41835	0
11.162	1	1	2	5.31491	0
11.201	1	2	1	3.74131	0
11.202	1	1	2	3.30025	0
11.241	1	2	1	3.91603	0
11.242	1	1	2	3.32051	0
11.281	1	2	1	4.71949	0
11.282	1	1	2	10.023	0
11.321	1	2	1	1.34805	0
11.322	1	1	2	5.08231	0
11.361	1	2	1	2.71015	0
11.362	1	1	2	1.54552	0
11.401	1	2	1	3.58785	0
11.402	1	1	2	6.76295	0
11.441	1	2	1	12.1321	0
11.442	1	1	2	2.81574	0
11.481	1	2	1	4.34682	0
11.482	1	1	2	9.90502	0
11.521	1	2	1	3.30463	0
11.522	1	1	2	3.05699	0
11.561	1	2	1	1.94618	0
11.562	1	1	2	8.29945	0
11.601	1	2	1	4.16559	0
11.602	1	1	2	2.92736	0
11.641	1	2	1	6.52161	0
11.642	1	1	2	2.13302	0
11.681	1	2	1	2.28217	0
11.682	1	1	2	2.66315	0
11.721	1	2	1	2.91214	0
11.722	1	1	2	5.52107	0
11.761	1	2	1	4.87099	0
11.762	1	1	2	9.42328	0
11.801	1	2	1	6.29577	0
11.802	1	1	2	2.51561	0
11.841	1	2	1	3.50666	0
11.842	1	1	2	4.81533	0
11.881	1	2	1	3.4517	0
11.882	1	1	2	5.29834	0
11.921	1	2	1	4.18575	0
11.922	1	1	2	3.27299	0
11.961	1	2	1	2.88476	0
11.962	1	1	2	13.0555	0
12.001	1	2	1	6.76863	0
12.002	1	1	2	3.20727	0
12.041	1	2	1	2.36394	0
12.042	1	1	2	5.83453	0
12.081	1	2	1	1.89539	0
12.082	1	1	2	3.45074	0
12.121	1	2	1	3.0023	0
12.122	1	1	2	2.12605	0
12.161	1	2	1	3.77218	0
12.162	1	1	2	2.0294	0
12.201	1	2	1	3.01761	0
12.202	1	1	2	3.34612	0
12.241	1	2	1	1.18405	0
12.242	1	1	2	4.2172	0
12.281	1	2	1	4.96313	0
12.282	1	1	2	2.54499	0
12.321	1	2	1	3.06599	0
12.322	1	1	2	2.79522	0
12.361	1	2	1	2.27757	0
12.362	1	1	2	3.43069	0
12.401	1	2	1	2.33987	0
12.402	1	1	2	2.78197	0
12.441	1	2	1	3.02583	0
12.442	1	1	2	3.20857	0
12.481	1	2	1	5.76925	0
12.482	1	1	2	0.748432	0
12.521	1	2	1	6.79277	0
12.522	1	1	2	4.64195	0
12.561	1	2	1	1.09079	0
12.562	1	1	2	1.25384	0
12.601	1	2	1	2.93965	0
12.602	1	1	2	4.11275	0
12.641	1	2	1	8.04281	0
12.642	1	1	2	2.17294	0
12.681	1	2	1	3.22971	0
12.682	1	1	2	3.30717	0
12.721	1	2	1	2.10697	0
12.722	1	1	2	1.38504	0
12.761	1	2	1	2.4293	0
12.762	1	1	2	6.20508	0
12.801	1	2	1	5.78334	0
12.802	1	1	2	7.27987	0
12.841	1	2	1	9.13892	0
12.842	1	1	2	1.8283	0
12.881	1	2	1	2.91101	0
12.882	1	1	2	4.17308	0
12.921	1	2	1	4.8368	0
12.922	1	1	2	3.6242	0
12.961	1	2	1	5.51366	0
12.962	1	1	2	1.68514	0
13.001	1	2	1	5.30088	0
13.002	1	1	2	1.78489	0
13.041	1	2	1	5.91955	0
13.042	1	1	2	7.13021	0
13.081	1	2	1	4.62679	0
13.082	1	1	2	5.44455	0
13.121	1	2	1	5.44726	0
13.122	1	1	2	8.43117	0
13.161	1	2	1	5.45227	0
13.162	1	1	2	3.36523	0
13.201	1	2	1	10.3564	0
13.202	1	1	2	5.63828	0
13.241	1	2	1	4.7121	0
13.242	1	1	2	2.50333	0
13.281	1	2	1	4.70455	0
13.282	1	1	2	10.3645	0
13.321	1	2	1	2.63547	0
13.322	1	1	2	2.22086	0
13.361	1	2	1	1.34677	0
13.362	1	1	2	1.92867	0
13.401	1	2	1	2.24505	0
13.402	1	1	2	9.77891	0
13.441	1	2	1	1.98254	0
13.442	1	1	2	3.90462	0
13.481	1	2	1	1.60765	0
13.482	1	1	2	13.1313	0
13.521	1	2	1	6.15906	0
13.522	1	1	2	5.11794	0
13.561	1	2	1	3.30587	0
13.562	1	1	2	1.77948	0
13.601	1	2	1	1.76877	0
13.602	1	1	2	7.93164	0
13.641	1	2	1	3.88984	0
13.642	1	1	2	2.1023	0
13.681	1	2	1	2.81306	0
13.682	1	1	2	3.16456	0
13.721	1	2	1	2.82358	0
13.722	1	1	2	3.75567	0
13.761	1	2	1	4.0921	0
13.762	1	1	2	2.20586	0
13.801	1	2	1	7.02195	0
13.802	1	1	2	2.5172	0
13.841	1	2	1	8.47768	0
13.842	1	1	2	4.03166	0
13.881	1	2	1	4.23403	0
13.882	1	1	2	4.1637	0
13.921	1	2	1	4.40059	0
13.922	1	1	2	2.80141	0
13.961	1	2	1	7.63223	0
13.962	1	1	2	4.8455	0
14.001	1	2	1	2.05697	0
14.002	1	1	2	3.06467	0
14.041	1	2	1	1.8829	0
14.042	1	1	2	1.00505	0
14.081	1	2	1	7.16207	0
14.082	1	1	2	4.80331	0
14.121	1	2	1	11.2441	0
14.122	1	1	2	3.39755	0
14.161	1	2	1	3.96618	0
14.162	1	1	2	2.3024	0
14.201	1	2	1	8.80784	0
14.202	1	1	2	2.25217	0
14.241	1	2	1	4.87379	0
14.242	1	1	2	2.99776	0
14.281	1	2	1	1.4495	0
14.282	1	1	2	5.65814	0
14.321	1	2	1	4.12796	0
14.322	1	1	2	4.69341	0
14.361	1	2	1	2.05487	0
14.362	1	1	2	1.84941	0
14.401	1	2	1	3.40033	0
14.402	1	1	2	4.60081	0
14.441	1	2	1	1.64613	0
14.442	1	1	2	4.53273	0
14.481	1	2	1	5.15633	0
14.482	1	1	2	5.11229	0
14.521	1	2	1	5.15996	0
14.522	1	1	2	5.73662	0
14.561	1	2	1	4.03987	0
14.562	1	1	2	3.23641	0
14.601	1	2	1	3.68292	0
14.602	1	1	2	2.58197	0
14.641	1	2	1	5.32181	0
14.642	1	1	2	4.34998	0
14.681	1	2	1	4.275	0
14.682	1	1	2	1.71457	0
14.721	1	2	1	5.12786	0
14.722	1	1	2	3.75846	0
14.761	1	2	1	5.12955	0
14.762	1	1	2	9.25118	0
14.801	1	2	1	2.79231	0
14.802	1	1	2	3.41656	0
14.841	1	2	1	4.15217	0
14.842	1	1	2	2.90397	0
14.881	1	2	1	5.58623	0
14.882	1	1	2	2.71625	0
14.921	1	2	1	1.47712	0
14.922	1	1	2	4.90197	0
14.961	1	2	1	5.2002	0
14.962	1	1	2	4.49538	0
15.001	1	2	1	1.6431	0
15.002	1	1	2	1.6523	0
15.041	1	2	1	5.95931	0
15.042	1	1	2	2.4114	0
15.081	1	2	1	10.9254	0
15.082	1	1	2	3.19193	0
15.121	1	2	1	4.86884	0
15.122	1	1	2	2.47329	0
15.161	1	2	1	2.91244	0
15.162	1	1	2	5.50863	0
15.201	1	2	1	5.82758	0
15.202	1	1	2	12.4984	0
15.241	1	2	1	5.04091	0
15.242	1	1	2	1.17705	0
15.281	1	2	1	10.7886	0
15.282	1	1	2	4.55641	0
15.321	1	2	1	4.76184	0
15.322	1	1	2	3.36787	0
15.361	1	2	1	10.8295	0
15.362	1	1	2	6.0223	0
15.401	1	2	1	0.993174	0
15.402	1	1	2	5.46097	0
15.441	1	2	1	7.29611	0
15.442	1	1	2	3.88947	0
15.481	1	2	1	8.94009	0
15.482	1	1	2	2.84814	0
15.521	1	2	1	6.02894	0
15.522	1	1	2	7.21116	0
15.561	1	2	1	4.73174	0
15.562	1	1	2	6.41458	0
15.601	1	2	1	10.6943	0
15.602	1	1	2	4.7856	0
15.641	1	2	1	4.15321	0
15.642	1	1	2	4.30627	0
15.681	1	2	1	11.2029	0
15.682	1	1	2	2.93267	0
15.721	1	2	1	0.866775	0
15.722	1	1	2	1.55075	0
15.761	1	2	1	7.70264	0
15.762	1	1	2	5.41516	0
15.801	1	2	1	9.1083	0
15.802	1	1	2	1.96807	0
15.841	1	2	1	5.58441	0
15.842	1	1	2	3.34478	0
15.881	1	2	1	3.52517	0
15.882	1	1	2	10.2389	0
15.921	1	2	1	1.94834	0
15.922	1	1	2	1.61617	0
15.961	1	2	1	2.54389	0
15.962	1	1	2	3.23863	0
16.001	1	2	1	3.3051	0
16.002	1	1	2	4.31799	0
16.041	1	2	1	2.67979	0
16.042	1	1	2	2.15852	0
16.081	1	2	1	2.77254	0
16.082	1	1	2	5.15696	0
16.121	1	2	1	3.86909	0
16.122	1	1	2	3.32256	0
16.161	1	2	1	1.21452	0
16.162	1	1	2	2.92684	0
16.201	1	2	1	2.24068	0
16.202	1	1	2	2.54278	0
16.241	1	2	1	5.20951	0
16.242	1	1	2	3.27241	0
16.281	1	2	1	2.88138	0
16.282	1	1	2	3.07944	0
16.321	1	2	1	4.17483	0
16.322	1	1	2	3.69193	0
16.361	1	2	1	4.14777	0
16.362	1	1	2	5.75013	0
16.401	1	2	1	1.4593	0
16.402	1	1	2	5.39307	0
16.441	1	2	1	6.04237	0
16.442	1	1	2	1.25682	0
16.481	1	2	1	3.09695	0
16.482	1	1	2	3.9816	0
16.521	1	2	1	6.45083	0
16.522	1	1	2	2.40924	0
16.561	1	2	1	4.56656	0
16.562	1	1	2	3.43172	0
16.601	1	2	1	3.74652	0
16.602	1	1	2	4.12784	0
16.641	1	2	1	3.14777	0
16.642	1	1	2	4.08089	0
16.681	1	2	1	4.37379	0
16.682	1	1	2	5.25157	0
16.721	1	2	1	3.82686	0
16.722	1	1	2	2.3669	0
16.761	1	2	1	5.58577	0
16.762	1	1	2	3.70892	0
16.801	1	2	1	2.19068	0
16.802	1	1	2	3.199	0
16.841	1	2	1	11.5204	0
16.842	1	1	2	5.10049	0
16.881	1	2	1	3.58318	0
16.882	1	1	2	3.5889	0
16.921	1	2	1	2.36875	0
16.922	1	1	2	2.89401	0
16.961	1	2	1	8.28718	0
16.962	1	1	2	8.75696	0
17.001	1	2	1	8.51692	0
17.002	1	1	2	6.97886	0
17.041	1	2	1	1.96452	0
17.042	1	1	2	2.82486	0
17.081	1	2	1	3.35684	0
17.082	1	1	2	9.56781	0
17.121	1	2	1	3.2269	0
17.122	1	1	2	7.27851	0
17.161	1	2	1	2.23164	0
17.162	1	1	2	5.42954	0
17.201	1	2	1	2.51041	0
17.202	1	1	2	3.55829	0
17.241	1	2	1	3.72245	0
17.242	1	1	2	2.92806	0
17.281	1	2	1	4.45552	0
17.282	1	1	2	6.16206	0
17.321	1	2	1	3.23696	0
17.322	1	1	2	5.56067	0
17.361	1	2	1	4.24523	0
17.362	1	1	2	3.80933	0
17.401	1	2	1	3.7041	0
17.402	1	1	2	3.79258	0
17.441	1	2	1	2.45165	0
17.442	1	1	2	7.80944	0
17.481	1	2	1	3.68025	0
17.482	1	1	2	3.75822	0
17.521	1	2	1	9.92814	0
17.522	1	1	2	2.31309	0
17.561	1	2	1	1.48411	0
17.562	1	1	2	4.54617	0
17.601	1	2	1	3.99766	0
17.602	1	1	2	1.31965	0
17.641	1	2	1	2.77711	0
17.642	1	1	2	6.20508	0
17.681	1	2	1	1.76816	0
17.682	1	1	2	3.26262	0
17.721	1	2	1	5.27181	0
17.722	1	1	2	3.0635	0
17.761	1	2	1	2.08696	0
17.762	1	1	2	5.11594	0
17.801	1	2	1	4.95123	0
17.802	1	1	2	2.09073	0
17.841	1	2	1	7.13134	0
17.842	1	1	2	2.6151	0
17.881	1	2	1	6.21087	0
17.882	1	1	2	4.48319	0
17.921	1	2	1	4.65013	0
17.922	1	1	2	3.15915	0
17.961	1	2	1	4.62063	0
17.962	1	1	2	2.28869	0
18.001	1	2	1	3.89168	0
18.002	1	1	2	3.05674	0
18.041	1	2	1	1.19383	0
18.042	1	1	2	8.47712	0
18.081	1	2	1	2.46938	0
18.082	1	1	2	4.99659	0
18.121	1	2	1	5.04767	0
18.122	1	1	2	1.75361	0
18.161	1	2	1	2.90434	0
18.162	1	1	2	4.13255	0
18.201	1	2	1	3.85306	0
18.202	1	1	2	1.99558	0
18.241	1	2	1	3.79415	0
18.242	1	1	2	3.46012	0
18.281	1	2	1	1.72679	0
18.282	1	1	2	2.12332	0
18.321	1	2	1	5.88332	0
18.322	1	1	2	4.03046	0
18.361	1	2	1	3.09839	0
18.362	1	1	2	8.20912	0
18.401	1	2	1	3.35404	0
18.402	1	1	2	2.07126	0
18.441	1	2	1	4.31158	0
18.442	1	1	2	4.96015	0
18.481	1	2	1	5.72752	0
18.482	1	1	2	4.33068	0
18.521	1	2	1	1.37123	0
18.522	1	1	2	3.05574	0
18.561	1	2	1	8.13196	0
18.562	1	1	2	11.9918	0
18.601	1	2	1	11.3706	0
18.602	1	1	2	0.880938	0
18.641	1	2	1	2.81466	0
18.642	1	1	2	8.51618	0
18.681	1	2	1	8.30415	0
18.682	1	1	2	9.07063	0
18.721	1	2	1	5.00627	0
18.722	1	1	2	3.96976	0
18.761	1	2	1	1.87182	0
18.762	1	1	2	3.20687	0
18.801	1	2	1	4.13029	0
18.802	1	1	2	1.74139	0
18.841	1	2	1	1.98942	0
18.842	1	1	2	2.56103	0
18.881	1	2	1	3.46953	0
18.882	1	1	2	7.58223	0
18.921	1	2	1	2.32879	0
18.922	1	1	2	3.96458	0
18.961	1	2	1	3.66111	0
18.962	1	1	2	3.5024	0
19.001	1	2	1	3.57685	0
19.002	1	1	2	1.85022	0
19.041	1	2	1	5.63626	0
19.042	1	1	2	4.87364	0
19.081	1	2	1	1.86493	0
19.082	1	1	2	1.73892	0
19.121	1	2	1	4.74983	0
19.122	1	1	2	4.68383	0
19.161	1	2	1	0.939001	0
19.162	1	1	2	7.37733	0
19.201	1	2	1	3.1883	0
19.202	1	1	2	6.77638	0
19.241	1	2	1	4.75436	0
19.242	1	1	2	4.95246	0
19.281	1	2	1	8.28646	0
19.282	1	1	2	3.64505	0
19.321	1	2	1	1.85171	0
19.322	1	1	2	2.98454	0
19.361	1	2	1	4.93368	0
19.362	1	1	2	1.56569	0
19.401	1	2	1	9.6449	0
19.402	1	1	2	5.66993	0
19.441	1	2	1	3.94458	0
19.442	1	1	2	2.15196	0
19.481	1	2	1	4.65926	0
19.482	1	1	2	3.26461	0
19.521	1	2	1	3.59502	0
19.522	1	1	2	4.32479	0
19.561	1	2	1	4.78441	0
19.562	1	1	2	1.28701	0
19.601	1	2	1	3.1671	0
19.602	1	1	2	5.82063	0
19.641	1	2	1	4.18893	0
19.642	1	1	2	3.6858	0
19.681	1	2	1	3.11928	0
19.682	1	1	2	3.09836	0
19.721	1	2	1	3.38122	0
19.722	1	1	2	5.37704	0
19.761	1	2	1	3.13631	0
19.762	1	1	2	2.04885	0
19.801	1	2	1	5.39714	0
19.802	1	1	2	2.63715	0
19.841	1	2	1	5.26159	0
19.842	1	1	2	4.49999	0
19.881	1	2	1	3.79791	0
19.882	1	1	2	2.91772	0
19.921	1	2	1	6.29575	0
19.922	1	1	2	2.30533	0
19.961	1	2	1	5.94259	0
19.962	1	1	2	6.61766	0
20.001	1	2	1	9.77397	0
20.002	1	1	2	5.37211	0
20.041	1	2	1	3.90744	0
20.042	1	1	2	3.09289	0
20.081	1	2	1	12.9751	0
20.082	1	1	2	4.477	0
20.121	1	2	1	2.6666	0
20.122	1	1	2	5.52565	0
20.161	1	2	1	0.643601	0
20.162	1	1	2	1.6617	0
20.201	1	2	1	2.8564	0
20.202	1	1	2	5.06939	0
20.241	1	2	1	1.53372	0
20.242	1	1	2	1.13293	0
20.281	1	2	1	5.91621	0
20.282	1	1	2	2.50805	0
20.321	1	2	1	4.11627	0
20.322	1	1	2	3.95848	0
20.361	1	2	1	4.60818	0
20.362	1	1	2	1.85072	0
20.401	1	2	1	1.58439	0
20.402	1	1	2	5.68196	0
20.441	1	2	1	2.54618	0
20.442	1	1	2	1.95566	0
20.481	1	2	1	4.37479	0
20.482	1	1	2	4.76254	0
20.521	1	2	1	1.80718	0
20.522	1	1	2	2.6983	0
20.561	1	2	1	4.6584	0
20.562	1	1	2	3.25285	0
20.601	1	2	1	2.60382	0
20.602	1	1	2	6.95621	0
20.641	1	2	1	9.34079	0
20.642	1	1	2	9.70597	0
20.681	1	2	1	2.14898	0
20.682	1	1	2	4.33985	0
20.721	1	2	1	4.08001	0
20.722	1	1	2	3.30731	0
20.761	1	2	1	2.26597	0
20.762	1	1	2	8.89327	0
20.801	1	2	1	2.29961	0
20.802	1	1	2	3.81217	0
20.841	1	2	1	2.63791	0
20.842	1	1	2	4.4896	0
20.881	1	2	1	2.92154	0
20.882	1	1	2	5.94453	0
20.921	1	2	1	4.75011	0
20.922	1	1	2	2.78971	0
20.961	1	2	1	4.50808	0
20.962	1	1	2	1.80042	0
21.001	1	2	1	1.51662	0
21.002	1	1	2	4.06852	0
21.041	1	2	1	3.43045	0
21.042	1	1	2	3.43654	0
21.081	1	2	1	5.88903	0
21.082	1	1	2	6.61458	0
21.121	1	2	1	1.79219	0
21.122	1	1	2	0.921358	0
21.161	1	2	1	1.71871	0
21.162	1	1	2	1.73061	0
21.201	1	2	1	2.80838	0
21.202	1	1	2	2.32135	0
21.241	1	2	1	3.78859	0
21.242	1	1	2	5.46304	0
21.281	1	2	1	4.72554	0
21.282	1	1	2	2.87074	0
21.321	1	2	1	5.33109	0
21.322	1	1	2	6.99832	0
21.361	1	2	1	5.22297	0
21.362	1	1	2	2.18866	0
21.401	1	2	1	3.89145	0
21.402	1	1	2	6.83553	0
21.441	1	2	1	2.88025	0
21.442	1	1	2	1.24231	0
21.481	1	2	1	1.66232	0
21.482	1	1	2	4.04156	0
21.521	1	2	1	2.40533	0
21.522	1	1	2	4.49965	0
21.561	1	2	1	1.30236	0
21.562	1	1	2	7.6075	0
21.601	1	2	1	2.4545	0
21.602	1	1	2	7.32919	0
21.641	1	2	1	2.07785	0
21.642	1	1	2	4.7427	0
21.681	1	2	1	5.13079	0
21.682	1	1	2	1.94164	0
21.721	1	2	1	1.82832	0
21.722	1	1	2	4.04181	0
21.761	1	2	1	8.05496	0
21.762	1	1	2	2.44972	0
21.801	1	2	1	2.06204	0
21.802	1	1	2	5.66621	0
21.841	1	2	1	3.19531	0
21.842	1	1	2	2.85702	0
21.881	1	2	1	3.64709	0
21.882	1	1	2	2.74798	0
21.921	1	2	1	2.21232	0
21.922	1	1	2	7.40419	0
21.961	1	2	1	2.5129	0
21.962	1	1	2	2.74932	0
22.001	1	2	1	5.56793	0
22.002	1	1	2	3.34839	0
22.041	1	2	1	12.5685	0
22.042	1	1	2	4.71948	0
22.081	1	2	1	5.09796	0
22.082	1	1	2	3.75495	0
22.121	1	2	1	6.97069	0
22.122	1	1	2	3.35969	0
22.161	1	2	1	5.08003	0
22.162	1	1	2	6.66057	0
22.201	1	2	1	1.88451	0
22.202	1	1	2	1.01864	0
22.241	1	2	1	6.89805	0
22.242	1	1	2	3.05699	0
22.281	1	2	1	4.87362	0
22.282	1	1	2	8.29945	0
22.321	1	2	1	5.40015	0
22.322	1	1	2	2.92736	0
22.361	1	2	1	9.61414	0
22.362	1	1	2	2.13302	0
22.401	1	2	1	1.92782	0
22.402	1	1	2	2.66315	0
22.441	1	2	1	3.82148	0
22.442	1	1	2	5.52107	0
22.481	1	2	1	4.02609	0
22.482	1	1	2	9.42328	0
22.521	1	2	1	4.30756	0
22.522	1	1	2	3.4439	0
22.561	1	2	1	2.24771	0
22.562	1	1	2	7.59322	0
22.601	1	2	1	5.29126	0
22.602	1	1	2	10.6584	0
22.641	1	2	1	4.8984	0
22.642	1	1	2	3.5143	0
22.681	1	2	1	4.97191	0
22.682	1	1	2	5.01885	0
22.721	1	2	1	2.01163	0
22.722	1	1	2	5.73438	0
22.761	1	2	1	1.8333	0
22.762	1	1	2	2.60758	0
22.801	1	2	1	2.44105	0
22.802	1	1	2	9.02243	0
22.841	1	2	1	2.47726	0
22.842	1	1	2	2.49469	0
22.881	1	2	1	3.36184	0
22.882	1	1	2	12.914	0
22.921	1	2	1	2.29168	0
22.922	1	1	2	1.69835	0
22.961	1	2	1	3.56869	0
22.962	1	1	2	9.08593	0
23.001	1	2	1	1.76465	0
23.002	1	1	2	2.40638	0
23.041	1	2	1	1.81603	0
23.042	1	1	2	4.4628	0
23.081	1	2	1	2.74664	0
23.082	1	1	2	1.71012	0
23.121	1	2	1	3.44855	0
23.122	1	1	2	3.68179	0
23.161	1	2	1	5.25932	0
23.162	1	1	2	9.50075	0
23.201	1	2	1	5.8555	0
23.202	1	1	2	3.19989	0
23.241	1	2	1	4.12893	0
23.242	1	1	2	2.88344	0
23.281	1	2	1	3.36821	0
23.282	1	1	2	2.75291	0
23.321	1	2	1	2.65957	0
23.322	1	1	2	4.92348	0
23.361	1	2	1	2.55777	0
23.362	1	1	2	4.41493	0
23.401	1	2	1	3.831	0
23.402	1	1	2	3.4701	0
23.441	1	2	1	1.23105	0
23.442	1	1	2	5.24325	0
23.481	1	2	1	2.16009	0
23.482	1	1	2	0.838315	0
23.521	1	2	1	4.04186	0
23.522	1	1	2	2.2185	0
23.561	1	2	1	3.92629	0
23.562	1	1	2	7.40072	0
23.601	1	2	1	1.96428	0
23.602	1	1	2	4.85451	0
23.641	1	2	1	2.57654	0
23.642	1	1	2	2.38941	0
23.681	1	2	1	2.78794	0
23.682	1	1	2	4.08966	0
23.721	1	2	1	2.42703	0
23.722	1	1	2	2.02566	0
23.761	1	2	1	5.25056	0
23.762	1	1	2	3.44377	0
23.801	1	2	1	12.8458	0
23.802	1	1	2	3.35278	0
23.841	1	2	1	1.41467	0
23.842	1	1	2	2.33498	0
23.881	1	2	1	4.13806	0
23.882	1	1	2	7.89701	0
23.921	1	2	1	3.50011	0
23.922	1	1	2	2.34174	0
23.961	1	2	1	5.86944	0
23.962	1	1	2	5.29619	0
24.001	1	2	1	2.01326	0
24.002	1	1	2	5.05289	0
24.041	1	2	1	2.44283	0
24.042	1	1	2	7.11726	0
24.081	1	2	1	1.70408	0
24.082	1	1	2	6.22523	0
24.121	1	2	1	2.35435	0
24.122	1	1	2	2.08602	0
24.161	1	2	1	7.13143	0
24.162	1	1	2	3.09533	0
24.201	1	2	1	2.77046	0
24.202	1	1	2	6.38038	0
24.241	1	2	1	1.819	0
24.242	1	1	2	8.81942	0
24.281	1	2	1	2.61107	0
24.282	1	1	2	10.0638	0
24.321	1	2	1	3.97594	0
24.322	1	1	2	7.64993	0
24.361	1	2	1	2.83946	0
24.362	1	1	2	4.02265	0
24.401	1	2	1	1.69613	0
24.402	1	1	2	4.79078	0
24.441	1	2	1	5.33601	0
24.442	1	1	2	5.01293	0
24.481	1	2	1	2.42297	0
24.482	1	1	2	8.53566	0
24.521	1	2	1	4.126	0
24.522	1	1	2	2.08683	0
24.561	1	2	1	2.0698	0
24.562	1	1	2	2.29202	0
24.601	1	2	1	3.38715	0
24.602	1	1	2	5.9603	0
24.641	1	2	1	1.58775	0
24.642	1	1	2	8.93401	0
24.681	1	2	1	5.33838	0
24.682	1	1	2	3.20293	0
24.721	1	2	1	7.83381	0
24.722	1	1	2	4.84362	0
24.761	1	2	1	1.89497	0
24.762	1	1	2	5.63903	0
24.801	1	2	1	4.52961	0
24.802	1	1	2	3.04904	0
24.841	1	2	1	3.89165	0
24.842	1	1	2	13.6155	0
24.881	1	2	1	1.99077	0
24.882	1	1	2	2.61083	0
24.921	1	2	1	5.01021	0
24.922	1	1	2	4.20566	0
24.961	1	2	1	9.1068	0
24.962	1	1	2	8.26709	0
25.001	1	2	1	4.53456	0
25.002	1	1	2	6.04085	0
25.041	1	2	1	2.48651	0
25.042	1	1	2	4.92174	0
25.081	1	2	1	4.39447	0
25.082	1	1	2	3.85123	0
25.121	1	2	1	5.09624	0
25.122	1	1	2	5.68277	0
25.161	1	2	1	1.75544	0
25.162	1	1	2	6.57939	0
25.201	1	2	1	5.49696	0
25.202	1	1	2	2.86551	0
25.241	1	2	1	2.95212	0
25.242	1	1	2	4.84961	0
25.281	1	2	1	5.13654	0
25.282	1	1	2	2.69691	0
25.321	1	2	1	6.84127	0
25.322	1	1	2	10.8295	0
25.361	1	2	1	4.45109	0
25.362	1	1	2	10.4257	0
25.401	1	2	1	4.23092	0
25.402	1	1	2	4.85303	0
25.441	1	2	1	3.65154	0
25.442	1	1	2	4.20574	0
25.481	1	2	1	3.7998	0
25.482	1	1	2	2.5347	0
25.521	1	2	1	2.49711	0
25.522	1	1	2	5.6797	0
25.561	1	2	1	11.0412	0
25.562	1	1	2	6.69787	0
25.601	1	2	1	1.9083	0
25.602	1	1	2	0.989447	0
25.641	1	2	1	1.87409	0
25.642	1	1	2	3.86471	0
25.681	1	2	1	9.74466	0
25.682	1	1	2	3.98181	0
25.721	1	2	1	3.94106	0
25.722	1	1	2	3.35127	0
25.761	1	2	1	12.6336	0
25.762	1	1	2	0.940442	0
25.801	1	2	1	2.65463	0
25.802	1	1	2	2.3027	0
25.841	1	2	1	0.684759	0
25.842	1	1	2	4.5192	0
25.881	1	2	1	2.86527	0
25.882	1	1	2	2.6168	0
25.921	1	2	1	1.57439	0
25.922	1	1	2	6.02665	0
25.961	1	2	1	5.73865	0
25.962	1	1	2	10.8525	0
26.001	1	2	1	3.6138	0
26.002	1	1	2	4.15279	0
26.041	1	2	1	3.77462	0
26.042	1	1	2	3.66487	0
26.081	1	2	1	6.93797	0
26.082	1	1	2	7.59804	0
26.121	1	2	1	1.30724	0
26.122	1	1	2	10.3963	0
26.161	1	2	1	2.64196	0
26.162	1	1	2	3.46757	0
26.201	1	2	1	7.37292	0
26.202	1	1	2	5.19803	0
26.241	1	2	1	4.04476	0
26.242	1	1	2	5.55774	0
26.281	1	2	1	2.02913	0
26.282	1	1	2	2.39936	0
26.321	1	2	1	2.01542	0
26.322	1	1	2	8.78846	0
26.361	1	2	1	6.38286	0
26.362	1	1	2	2.56125	0
26.401	1	2	1	8.38167	0
26.402	1	1	2	13.0229	0
26.441	1	2	1	4.01437	0
26.442	1	1	2	1.93333	0
26.481	1	2	1	4.81477	0
26.482	1	1	2	9.07556	0
26.521	1	2	1	1.95715	0
26.522	1	1	2	2.41413	0
26.561	1	2	1	6.13322	0
26.562	1	1	2	5.15674	0
26.601	1	2	1	3.76465	0
26.602	1	1	2	12.9377	0
26.641	1	2	1	3.01185	0
26.642	1	1	2	1.51386	0
26.681	1	2	1	3.41835	0
26.682	1	1	2	4.00095	0
26.721	1	2	1	3.74131	0
26.722	1	1	2	3.54453	0
26.761	1	2	1	3.91603	0
26.762	1	1	2	5.81408	0
26.801	1	2	1	4.71949	0
26.802	1	1	2	5.42432	0
26.841	1	2	1	1.34805	0
26.842	1	1	2	4.21816	0
26.881	1	2	1	2.71015	0
26.882	1	1	2	2.95757	0
26.921	1	2	1	3.58785	0
26.922	1	1	2	2.67525	0
26.961	1	2	1	12.1321	0
26.962	1	1	2	8.93479	0
27.001	1	2	1	2.98287	0
27.002	1	1	2	4.1281	0
27.041	1	2	1	2.70355	0
27.042	1	1	2	4.70273	0
27.081	1	2	1	3.25097	0
27.082	1	1	2	1.58659	0
27.121	1	2	1	3.27061	0
27.122	1	1	2	10.2411	0
27.161	1	2	1	4.59738	0
27.162	1	1	2	11.3715	0
27.201	1	2	1	3.44675	0
27.202	1	1	2	2.84517	0
27.241	1	2	1	2.45001	0
27.242	1	1	2	5.39126	0
27.281	1	2	1	4.2679	0
27.282	1	1	2	3.81576	0
27.321	1	2	1	7.2257	0
27.322	1	1	2	3.2952	0
27.361	1	2	1	2.77754	0
27.362	1	1	2	3.82062	0
27.401	1	2	1	5.50239	0
27.402	1	1	2	2.29686	0
27.441	1	2	1	9.33017	0
27.442	1	1	2	3.05119	0
27.481	1	2	1	4.16703	0
27.482	1	1	2	5.73899	0
27.521	1	2	1	2.21731	0
27.522	1	1	2	3.55711	0
27.561	1	2	1	5.17412	0
27.562	1	1	2	5.9954	0
27.601	1	2	1	3.38764	0
27.602	1	1	2	6.12213	0
27.641	1	2	1	2.89464	0
27.642	1	1	2	3.25348	0
27.681	1	2	1	2.50928	0
27.682	1	1	2	1.71106	0
27.721	1	2	1	3.32789	0
27.722	1	1	2	10.0612	0
27.761	1	2	1	3.05549	0
27.762	1	1	2	4.90184	0
27.801	1	2	1	3.68458	0
27.802	1	1	2	3.91406	0
27.841	1	2	1	5.82407	0
27.842	1	1	2	1.16218	0
27.881	1	2	1	5.34549	0
27.882	1	1	2	9.3864	0
27.921	1	2	1	1.21472	0
27.922	1	1	2	11.5306	0
27.961	1	2	1	3.98939	0
27.962	1	1	2	2.16246	0
28.001	1	2	1	3.52569	0
28.002	1	1	2	3.79163	0
28.041	1	2	1	5.30319	0
28.042	1	1	2	6.41956	0
28.081	1	2	1	7.5056	0
28.082	1	1	2	3.54863	0
28.121	1	2	1	7.11813	0
28.122	1	1	2	6.2245	0
28.161	1	2	1	3.55144	0
28.162	1	1	2	1.86352	0
28.201	1	2	1	1.79045	0
28.202	1	1	2	5.32818	0
28.241	1	2	1	3.83084	0
28.242	1	1	2	0.722581	0
28.281	1	2	1	6.2615	0
28.282	1	1	2	3.27439	0
28.321	1	2	1	9.11061	0
28.322	1	1	2	4.78496	0
28.361	1	2	1	4.13122	0
28.362	1	1	2	7.88753	0
28.401	1	2	1	1.50977	0
28.402	1	1	2	1.85981	0
28.441	1	2	1	2.14223	0
28.442	1	1	2	4.24703	0
28.481	1	2	1	3.40768	0
28.482	1	1	2	10.3437	0
28.521	1	2	1	4.57534	0
28.522	1	1	2	6.41763	0
28.561	1	2	1	3.11003	0
28.562	1	1	2	3.45311	0
28.601	1	2	1	4.00502	0
28.602	1	1	2	2.18153	0
28.641	1	2	1	6.3469	0
28.642	1	1	2	2.06294	0
28.681	1	2	1	1.29922	0
28.682	1	1	2	3.92037	0
28.721	1	2	1	2.44901	0
28.722	1	1	2	2.26348	0
28.761	1	2	1	2.1143	0
28.762	1	1	2	2.6668	0
28.801	1	2	1	4.53941	0
28.802	1	1	2	5.84034	0
28.841	1	2	1	2.36009	0
28.842	1	1	2	1.81858	0
28.881	1	2	1	6.34305	0
28.882	1	1	2	1.8806	0
28.921	1	2	1	2.333	0
28.922	1	1	2	2.71227	0
28.961	1	2	1	6.78323	0
28.962	1	1	2	3.34754	0
29.001	1	2	1	3.26041	0
29.002	1	1	2	0.793399	0
29.041	1	2	1	3.01753	0
29.042	1	1	2	4.12757	0
29.081	1	2	1	3.76789	0
29.082	1	1	2	3.80721	0
29.121	1	2	1	3.84975	0
29.122	1	1	2	2.97592	0
29.161	1	2	1	1.1997	0
29.162	1	1	2	0.71576	0
29.201	1	2	1	2.56561	0
29.202	1	1	2	2.58003	0
29.241	1	2	1	4.90763	0
29.242	1	1	2	5.50836	0
29.281	1	2	1	2.90727	0
29.282	1	1	2	2.64212	0
29.321	1	2	1	3.66788	0
29.322	1	1	2	6.07917	0
29.361	1	2	1	3.63776	0
29.362	1	1	2	9.17402	0
29.401	1	2	1	1.91117	0
29.402	1	1	2	1.71101	0
29.441	1	2	1	5.75207	0
29.442	1	1	2	6.63217	0
29.481	1	2	1	3.111	0
29.482	1	1	2	2.62087	0
29.521	1	2	1	3.07555	0
29.522	1	1	2	3.15489	0
29.561	1	2	1	1.89881	0
29.562	1	1	2	5.80438	0
29.601	1	2	1	2.3546	0
29.602	1	1	2	5.66925	0
29.641	1	2	1	4.00812	0
29.642	1	1	2	2.44821	0
29.681	1	2	1	2.65234	0
29.682	1	1	2	3.37755	0
29.721	1	2	1	2.08546	0
29.722	1	1	2	3.27384	0
29.761	1	2	1	5.57001	0
29.762	1	1	2	4.17475	0
29.801	1	2	1	2.10455	0
29.802	1	1	2	3.73353	0
29.841	1	2	1	2.0498	0
29.842	1	1	2	1.22352	0
29.881	1	2	1	2.60865	0
29.882	1	1	2	2.66784	0
29.921	1	2	1	3.18261	0
29.922	1	1	2	4.66086	0
29.961	1	2	1	5.76447	0
29.962	1	1	2	2.90916	0
30.001	1	2	1	4.22103	0
30.002	1	1	2	3.72327	0
30.041	1	2	1	4.20868	0
30.042	1	1	2	6.93313	0
30.081	1	2	1	1.42853	0
30.082	1	1	2	1.27231	0
30.121	1	2	1	6.0558	0
30.122	1	1	2	2.6856	0
30.161	1	2	1	3.09868	0
30.162	1	1	2	7.47406	0
30.201	1	2	1	3.89092	0
30.202	1	1	2	3.91989	0
30.241	1	2	1	4.76503	0
30.242	1	1	2	2.04127	0
30.281	1	2	1	5.26124	0
30.282	1	1	2	2.06378	0
30.321	1	2	1	2.21469	0
30.322	1	1	2	6.30073	0
30.361	1	2	1	2.82231	0
30.362	1	1	2	8.49389	0
30.401	1	2	1	7.55492	0
30.402	1	1	2	3.84527	0
30.441	1	2	1	5.3113	0
30.442	1	1	2	4.82622	0
30.481	1	2	1	4.45016	0
30.482	1	1	2	5.84616	0
30.521	1	2	1	5.82999	0
30.522	1	1	2	4.91749	0
30.561	1	2	1	4.46338	0
30.562	1	1	2	2.88405	0
30.601	1	2	1	3.46017	0
30.602	1	1	2	6.54759	0
30.641	1	2	1	1.26474	0
30.642	1	1	2	0.857442	0
30.681	1	2	1	2.95947	0
30.682	1	1	2	1.44331	0
30.721	1	2	1	1.64749	0
30.722	1	1	2	2.97155	0
30.761	1	2	1	1.64596	0
30.762	1	1	2	6.14289	0
30.801	1	2	1	4.59547	0
30.802	1	1	2	3.31017	0
30.841	1	2	1	2.50938	0
30.842	1	1	2	6.92051	0
30.881	1	2	1	4.42056	0
30.882	1	1	2	2.00145	0
30.921	1	2	1	5.08603	0
30.922	1	1	2	6.26875	0
30.961	1	2	1	1.70051	0
30.962	1	1	2	0.768384	0
31.001	1	2	1	9.38145	0
31.002	1	1	2	9.60574	0
31.041	1	2	1	3.50068	0
31.042	1	1	2	3.4506	0
31.081	1	2	1	3.73227	0
31.082	1	1	2	2.47586	0
31.121	1	2	1	5.83287	0
31.122	1	1	2	3.50698	0
31.161	1	2	1	3.10755	0
31.162	1	1	2	2.39013	0
31.201	1	2	1	2.49952	0
31.202	1	1	2	2.48562	0
31.241	1	2	1	10.478	0
31.242	1	1	2	1.73351	0
31.281	1	2	1	5.15947	0
31.282	1	1	2	2.72397	0
31.321	1	2	1	1.55904	0
31.322	1	1	2	6.95409	0
31.361	1	2	1	3.01229	0
31.362	1	1	2	2.48316	0
31.401	1	2	1	5.6164	0
31.402	1	1	2	1.84379	0
31.441	1	2	1	11.1229	0
31.442	1	1	2	2.87611	0
31.481	1	2	1	6.30261	0
31.482	1	1	2	3.86053	0
31.521	1	2	1	4.66953	0
31.522	1	1	2	7.13295	0
31.561	1	2	1	4.25407	0
31.562	1	1	2	2.82116	0
31.601	1	2	1	1.25249	0
31.602	1	1	2	1.82555	0
31.641	1	2	1	9.73388	0
31.642	1	1	2	2.56625	0
31.681	1	2	1	11.523	0
31.682	1	1	2	3.98668	0
31.721	1	2	1	2.27378	0
31.722	1	1	2	2.81307	0
31.761	1	2	1	6.31166	0
31.762	1	1	2	1.75956	0
31.801	1	2	1	4.40641	0
31.802	1	1	2	5.37642	0
31.841	1	2	1	2.90452	0
31.842	1	1	2	2.36345	0
31.881	1	2	1	3.98149	0
31.882	1	1	2	2.14225	0
31.921	1	2	1	2.14732	0
31.922	1	1	2	2.53204	0
31.961	1	2	1	3.29479	0
31.962	1	1	2	3.11865	0
32.001	1	2	1	6.54029	0
32.002	1	1	2	6.23663	0
32.041	1	2	1	2.84715	0
32.042	1	1	2	1.64489	0
32.081	1	2	1	10.2204	0
32.082	1	1	2	5.47671	0
32.121	1	2	1	7.13314	0
32.122	1	1	2	2.99687	0
32.161	1	2	1	4.71491	0
32.162	1	1	2	2.01945	0
32.201	1	2	1	3.95978	0
32.202	1	1	2	4.77871	0
32.241	1	2	1	3.0776	0
32.242	1	1	2	5.25267	0
32.281	1	2	1	6.17457	0
32.282	1	1	2	3.40595	0
32.321	1	2	1	5.78009	0
32.322	1	1	2	3.74452	0
32.361	1	2	1	3.70108	0
32.362	1	1	2	2.42487	0
32.401	1	2	1	3.0783	0
32.402	1	1	2	3.34171	0
32.441	1	2	1	8.42385	0
32.442	1	1	2	2.44565	0
32.481	1	2	1	4.1281	0
32.482	1	1	2	3.15575	0
32.521	1	2	1	4.46718	0
32.522	1	1	2	2.89585	0
32.561	1	2	1	4.36732	0
32.562	1	1	2	6.76863	0
32.601	1	2	1	6.97422	0
32.602	1	1	2	2.36394	0
32.641	1	2	1	7.10767	0
32.642	1	1	2	1.89539	0
32.681	1	2	1	1.71571	0
32.682	1	1	2	3.0023	0
32.721	1	2	1	5.54984	0
32.722	1	1	2	3.77218	0
32.761	1	2	1	4.15923	0
32.762	1	1	2	3.01761	0
32.801	1	2	1	2.75301	0
32.802	1	1	2	1.18405	0
32.841	1	2	1	4.28916	0
32.842	1	1	2	4.96313	0
32.881	1	2	1	3.19092	0
32.882	1	1	2	3.06599	0
32.921	1	2	1	8.29162	0
32.922	1	1	2	2.27757	0
32.961	1	2	1	6.36321	0
32.962	1	1	2	2.33987	0
33.001	1	2	1	5.88869	0
33.002	1	1	2	2.97284	0
33.041	1	2	1	2.87757	0
33.042	1	1	2	2.12969	0
33.081	1	2	1	13.8185	0
33.082	1	1	2	9.7519	0
33.121	1	2	1	2.21628	0
33.122	1	1	2	4.00295	0
33.161	1	2	1	3.42691	0
33.162	1	1	2	13.7621	0
33.201	1	2	1	8.65972	0
33.202	1	1	2	2.68512	0
33.241	1	2	1	6.67907	0
33.242	1	1	2	0.556844	0
33.281	1	2	1	7.61992	0
33.282	1	1	2	2.80774	0
33.321	1	2	1	2.08296	0
33.322	1	1	2	1.48927	0
33.361	1	2	1	1.3863	0
33.362	1	1	2	6.32965	0
33.401	1	2	1	2.72594	0
33.402	1	1	2	3.60268	0
33.441	1	2	1	2.98515	0
33.442	1	1	2	4.63634	0
33.481	1	2	1	3.19172	0
33.482	1	1	2	1.54143	0
33.521	1	2	1	2.34471	0
33.522	1	1	2	4.1885	0
33.561	1	2	1	5.91322	0
33.562	1	1	2	6.66657	0
33.601	1	2	1	3.44882	0
33.602	1	1	2	1.84313	0
33.641	1	2	1	1.8081	0
33.642	1	1	2	4.36258	0
33.681	1	2	1	3.429	0
33.682	1	1	2	4.23131	0
33.721	1	2	1	4.61949	0
33.722	1	1	2	7.27405	0
33.761	1	2	1	5.07426	0
33.762	1	1	2	7.03518	0
33.801	1	2	1	6.57447	0
33.802	1	1	2	1.69584	0
33.841	1	2	1	2.06171	0
33.842	1	1	2	5.4915	0
33.881	1	2	1	2.3063	0
33.882	1	1	2	4.1511	0
33.921	1	2	1	4.3518	0
33.922	1	1	2	2.81435	0
33.961	1	2	1	3.49994	0
33.962	1	1	2	4.35929	0
34.001	1	2	1	3.9426	0
34.002	1	1	2	5.39927	0
34.041	1	2	1	2.18658	0
34.042	1	1	2	3.09745	0
34.081	1	2	1	3.23588	0
34.082	1	1	2	6.25535	0
34.121	1	2	1	4.9295	0
34.122	1	1	2	5.3848	0
34.161	1	2	1	1.31846	0
34.162	1	1	2	3.38053	0
34.201	1	2	1	6.75161	0
34.202	1	1	2	2.76531	0
34.241	1	2	1	2.51694	0
34.242	1	1	2	2.08283	0
34.281	1	2	1	5.18923	0
34.282	1	1	2	9.51528	0
34.321	1	2	1	4.948	0
34.322	1	1	2	5.95046	0
34.361	1	2	1	6.0531	0
34.362	1	1	2	6.12853	0
34.401	1	2	1	7.18994	0
34.402	1	1	2	1.37386	0
34.441	1	2	1	4.29486	0
34.442	1	1	2	5.39975	0
34.481	1	2	1	6.27162	0
34.482	1	1	2	5.02192	0
34.521	1	2	1	4.86885	0
34.522	1	1	2	5.67597	0
34.561	1	2	1	5.008	0
34.562	1	1	2	3.76144	0
34.601	1	2	1	2.08801	0
34.602	1	1	2	3.42293	0
34.641	1	2	1	1.79246	0
34.642	1	1	2	8.11378	0
34.681	1	2	1	2.4739	0
34.682	1	1	2	3.94793	0
34.721	1	2	1	2.55727	0
34.722	1	1	2	4.78809	0
34.761	1	2	1	3.31931	0
34.762	1	1	2	1.71959	0
34.801	1	2	1	2.30561	0
34.802	1	1	2	10.3616	0
34.841	1	2	1	3.52919	0
34.842	1	1	2	11.2874	0
34.881	1	2	1	4.32708	0
34.882	1	1	2	3.08652	0
34.921	1	2	1	3.46013	0
34.922	1	1	2	5.15503	0
34.961	1	2	1	4.08044	0
34.962	1	1	2	3.62529	0
35.001	1	2	1	2.73488	0
35.002	1	1	2	5.9819	0
35.041	1	2	1	5.32988	0
35.042	1	1	2	7.73395	0
35.081	1	2	1	6.63247	0
35.082	1	1	2	5.16678	0
35.121	1	2	1	8.4395	0
35.122	1	1	2	3.72321	0
35.161	1	2	1	5.08991	0
35.162	1	1	2	0.956645	0
35.201	1	2	1	3.91393	0
35.202	1	1	2	2.56459	0
35.241	1	2	1	4.96154	0
35.242	1	1	2	2.21545	0
35.281	1	2	1	2.4816	0
35.282	1	1	2	3.66597	0
35.321	1	2	1	3.91672	0
35.322	1	1	2	4.15974	0
35.361	1	2	1	3.32578	0
35.362	1	1	2	7.01465	0
35.401	1	2	1	3.18174	0
35.402	1	1	2	7.09615	0
35.441	1	2	1	4.70321	0
35.442	1	1	2	4.51815	0
35.481	1	2	1	2.7621	0
35.482	1	1	2	2.0583	0
35.521	1	2	1	2.34856	0
35.522	1	1	2	3.8929	0
35.561	1	2	1	4.11253	0
35.562	1	1	2	1.20273	0
35.601	1	2	1	3.92932	0
35.602	1	1	2	2.32016	0
35.641	1	2	1	4.34388	0
35.642	1	1	2	5.17511	0
35.681	1	2	1	3.18004	0
35.682	1	1	2	2.89218	0
35.721	1	2	1	5.6797	0
35.722	1	1	2	4.07609	0
35.761	1	2	1	6.69787	0
35.762	1	1	2	4.0272	0
35.801	1	2	1	0.989447	0
35.802	1	1	2	1.5324	0
35.841	1	2	1	3.86471	0
35.842	1	1	2	6.00438	0
35.881	1	2	1	3.98181	0
35.882	1	1	2	3.09567	0
35.921	1	2	1	3.35127	0
35.922	1	1	2	3.65649	0
35.961	1	2	1	0.940442	0
35.962	1	1	2	4.54279	0
36.001	1	2	1	1.6523	0
36.002	1	1	2	0.83799	0
36.041	1	2	1	2.4114	0
36.042	1	1	2	2.37159	0
36.081	1	2	1	3.19193	0
36.082	1	1	2	1.85868	0
36.121	1	2	1	2.47329	0
36.122	1	1	2	4.89411	0
36.161	1	2	1	5.50863	0
36.162	1	1	2	2.40271	0
36.201	1	2	1	12.4984	0
36.202	1	1	2	9.13556	0
36.241	1	2	1	1.17705	0
36.242	1	1	2	2.01858	0
36.281	1	2	1	4.55641	0
36.282	1	1	2	3.77556	0
36.321	1	2	1	3.36787	0
36.322	1	1	2	2.57282	0
36.361	1	2	1	6.0223	0
36.362	1	1	2	2.2705	0
36.401	1	2	1	5.46097	0
36.402	1	1	2	2.56427	0
36.441	1	2	1	3.88947	0
36.442	1	1	2	3.21987	0
36.481	1	2	1	2.84814	0
36.482	1	1	2	4.70425	0
36.521	1	2	1	5.71592	0
36.522	1	1	2	2.35964	0
36.561	1	2	1	4.79084	0
36.562	1	1	2	2.5414	0
36.601	1	2	1	2.96646	0
36.602	1	1	2	5.7922	0
36.641	1	2	1	2.65368	0
36.642	1	1	2	1.86217	0
36.681	1	2	1	5.61441	0
36.682	1	1	2	1.91602	0
36.721	1	2	1	4.59281	0
36.722	1	1	2	2.69268	0
36.761	1	2	1	5.25445	0
36.762	1	1	2	3.30429	0
36.801	1	2	1	2.19477	0
36.802	1	1	2	5.53867	0
36.841	1	2	1	11.7942	0
36.842	1	1	2	5.90844	0
36.881	1	2	1	3.92486	0
36.882	1	1	2	3.40236	0
36.921	1	2	1	2.0707	0
36.922	1	1	2	3.23378	0
36.961	1	2	1	8.31752	0
36.962	1	1	2	2.78246	0
37.001	1	2	1	3.33005	0
37.002	1	1	2	9.93061	0
37.041	1	2	1	2.19348	0
37.042	1	1	2	5.58935	0
37.081	1	2	1	4.49965	0
37.082	1	1	2	4.03499	0
37.121	1	2	1	7.6075	0
37.122	1	1	2	2.16851	0
37.161	1	2	1	7.32919	0
37.162	1	1	2	3.88747	0
37.201	1	2	1	4.7427	0
37.202	1	1	2	3.18544	0
37.241	1	2	1	1.94164	0
37.242	1	1	2	2.7208	0
37.281	1	2	1	4.04181	0
37.282	1	1	2	2.13128	0
37.321	1	2	1	2.44972	0
37.322	1	1	2	7.74716	0
37.361	1	2	1	5.66621	0
37.362	1	1	2	2.64404	0
37.401	1	2	1	2.85702	0
37.402	1	1	2	3.34798	0
37.441	1	2	1	2.74798	0
37.442	1	1	2	2.78045	0
37.481	1	2	1	7.40419	0
37.482	1	1	2	3.89475	0
37.521	1	2	1	2.41077	0
37.522	1	1	2	5.34257	0
37.561	1	2	1	6.50513	0
37.562	1	1	2	9.88379	0
37.601	1	2	1	2.6757	0
37.602	1	1	2	2.04462	0
37.641	1	2	1	3.0167	0
37.642	1	1	2	3.8247	0
37.681	1	2	1	3.45714	0
37.682	1	1	2	4.0945	0
37.721	1	2	1	7.51335	0
37.722	1	1	2	4.66683	0
37.761	1	2	1	2.54909	0
37.762	1	1	2	2.44904	0
37.801	1	2	1	3.26075	0
37.802	1	1	2	1.35863	0
37.841	1	2	1	3.93019	0
37.842	1	1	2	2.45709	0
37.881	1	2	1	4.05723	0
37.882	1	1	2	2.09959	0
37.921	1	2	1	2.63515	0
37.922	1	1	2	5.11794	0
37.961	1	2	1	3.08399	0
37.962	1	1	2	1.77948	0
38.001	1	2	1	4.58538	0
38.002	1	1	2	6.3512	0
38.041	1	2	1	3.14058	0
38.042	1	1	2	1.06778	0
38.081	1	2	1	3.80342	0
38.082	1	1	2	1.45504	0
38.121	1	2	1	3.38468	0
38.122	1	1	2	3.61093	0
38.161	1	2	1	3.9919	0
38.162	1	1	2	6.40171	0
38.201	1	2	1	3.27043	0
38.202	1	1	2	3.51737	0
38.241	1	2	1	3.21243	0
38.242	1	1	2	6.42488	0
38.281	1	2	1	5.40229	0
38.282	1	1	2	1.88216	0
38.321	1	2	1	2.94319	0
38.322	1	1	2	5.55608	0
38.361	1	2	1	1.76685	0
38.362	1	1	2	0.686248	0
38.401	1	2	1	2.33639	0
38.402	1	1	2	3.32464	0
38.441	1	2	1	3.13218	0
38.442	1	1	2	4.82411	0
38.481	1	2	1	1.64525	0
38.482	1	1	2	7.70991	0
38.521	1	2	1	1.75293	0
38.522	1	1	2	0.949094	0
38.561	1	2	1	2.37446	0
38.562	1	1	2	8.09469	0
38.601	1	2	1	4.3899	0
38.602	1	1	2	2.71376	0
38.641	1	2	1	2.3139	0
38.642	1	1	2	4.4351	0
38.681	1	2	1	3.71886	0
38.682	1	1	2	1.62035	0
38.721	1	2	1	6.11545	0
38.722	1	1	2	4.20585	0
38.761	1	2	1	3.24639	0
38.762	1	1	2	4.39439	0
38.801	1	2	1	1.85596	0
38.802	1	1	2	2.99676	0
38.841	1	2	1	3.87319	0
38.842	1	1	2	2.89141	0
38.881	1	2	1	2.82914	0
38.882	1	1	2	2.8612	0
38.921	1	2	1	2.82671	0
38.922	1	1	2	4.35499	0
38.961	1	2	1	4.19027	0
38.962	1	1	2	6.07529	0
39.001	1	2	1	3.67423	0
39.002	1	1	2	6.32673	0
39.041	1	2	1	1.37148	0
39.042	1	1	2	1.65642	0
39.081	1	2	1	2.31076	0
39.082	1	1	2	5.29886	0
39.121	1	2	1	3.62344	0
39.122	1	1	2	3.65651	0
39.161	1	2	1	2.52542	0
39.162	1	1	2	11.3658	0
39.201	1	2	1	5.72922	0
39.202	1	1	2	6.24626	0
39.241	1	2	1	12.0411	0
39.242	1	1	2	3.17392	0
39.281	1	2	1	1.03696	0
39.282	1	1	2	5.4955	0
39.321	1	2	1	4.97971	0
39.322	1	1	2	3.55711	0
39.361	1	2	1	3.23424	0
39.362	1	1	2	5.9954	0
39.401	1	2	1	6.15212	0
39.402	1	1	2	6.12213	0
39.441	1	2	1	5.44063	0
39.442	1	1	2	3.25348	0
39.481	1	2	1	3.63376	0
39.482	1	1	2	1.71106	0
39.521	1	2	1	7.74613	0
39.522	1	1	2	1.31492	0
39.561	1	2	1	6.55622	0
39.562	1	1	2	5.16812	0
39.601	1	2	1	7.62115	0
39.602	1	1	2	2.60592	0
39.641	1	2	1	2.61239	0
39.642	1	1	2	4.6875	0
39.681	1	2	1	2.92102	0
39.682	1	1	2	4.43558	0
39.721	1	2	1	2.88457	0
39.722	1	1	2	7.25233	0
39.761	1	2	1	5.00447	0
39.762	1	1	2	9.07238	0
39.801	1	2	1	9.51482	0
39.802	1	1	2	3.53916	0
39.841	1	2	1	5.52974	0
39.842	1	1	2	5.80731	0
39.881	1	2	1	3.19987	0
39.882	1	1	2	4.67041	0
39.921	1	2	1	2.61696	0
39.922	1	1	2	1.77411	0
39.961	1	2	1	2.44718	0
39.962	1	1	2	7.91779	0
40.001	1	2	1	4.28808	0
40.002	1	1	2	5.21776	0
40.041	1	2	1	8.64224	0
40.042	1	1	2	6.57993	0
40.081	1	2	1	1.54766	0
40.082	1	1	2	3.91399	0
40.121	1	2	1	1.98427	0
40.122	1	1	2	3.7133	0
40.161	1	2	1	6.32568	0
40.162	1	1	2	3.62645	0
40.201	1	2	1	4.53281	0
40.202	1	1	2	2.8164	0
40.241	1	2	1	9.82735	0
40.242	1	1	2	4.81746	0
40.281	1	2	1	2.23539	0
40.282	1	1	2	0.934426	0
40.321	1	2	1	5.07314	0
40.322	1	1	2	8.06191	0
40.361	1	2	1	2.77329	0
40.362	1	1	2	2.78693	0
40.401	1	2	1	7.59918	0
40.402	1	1	2	4.6249	0
40.441	1	2	1	4.47169	0
40.442	1	1	2	1.68091	0
40.481	1	2	1	2.55709	0
40.482	1	1	2	3.83943	0
40.521	1	2	1	7.2807	0
40.522	1	1	2	4.35574	0
40.561	1	2	1	1.79268	0
40.562	1	1	2	9.48397	0
40.601	1	2	1	5.71699	0
40.602	1	1	2	5.10528	0
40.641	1	2	1	4.20751	0
40.642	1	1	2	2.88113	0
40.681	1	2	1	2.59318	0
40.682	1	1	2	3.62305	0
40.721	1	2	1	4.07004	0
40.722	1	1	2	9.30811	0
40.761	1	2	1	3.04035	0
40.762	1	1	2	5.40384	0
40.801	1	2	1	8.65142	0
40.802	1	1	2	1.53704	0
40.841	1	2	1	6.23577	0
40.842	1	1	2	6.31419	0
40.881	1	2	1	7.6574	0
40.882	1	1	2	2.91764	0
40.921	1	2	1	2.28303	0
40.922	1	1	2	10.5063	0
40.961	1	2	1	3.58023	0
40.962	1	1	2	7.01761	0
